0.901924
0.901924
0.901924
0.318787
0.318787
0.953335
0.953335
0.953335
0.323723
0.158493
0.158493
0.892044
0.207611
0.207611
0.616047
1.23572
0.564066
0.672568
0.305249
0.342479
0.699327
0.699327
0.293176
0.284416
0.342252
0.393349
0.455592
0.435223
0.277326
0.277326
0.277326
0.121233
0.121233
0.635062
0.635062
0.635062
0.635062
0.230815
0.1008
0.1008
0.1008
0.135724
0.304547
1.04896
1.04896
1.04896
0.309771
0.309771
0.309771
1.29243
1.29243
1.29243
0.274189
0.0922386
0.0922386
0.0922386
0.1704
0.1704
0.746952
0.746952
0.746952
0.488784
0.402705
0.124369
0.124369
0.0482109
0.304136
0.0782521
0.683734
0.15954
0.0340708
0.500348
0.500348
0.500348
0.283403
0.061187
0.319549
0.403814
1.22938
0.367246
0.367246
0.0400373
0.14487
0.100246
0.100246
0.100246
1.65739
0.462349
0.462349
0.0639508
0.423549
0.567119
0.0486889
0.0486889
0.0740333
0.0740333
0.523312
0.358625
0.138891
0.138891
0.138891
0.367298
0.174941
0.276885
0.276885
0.400867
0.118002
0.210086
0.210086
0.210086
0.210086
0.210086
0.404719
0.399487
0.397402
0.397402
0.397402
0.120805
0.476553
0.476553
0.0956506
0.0956506
0.0956506
0.0956506
0.638421
0.638421
0.185849
0.287339
0.287339
0.287339
0.287339
0.287339
0.287339
0.27036
0.27036
0.108875
0.108875
0.331058
0.331058
0.431831
0.431831
0.469728
0.123417
0.316043
0.0695822
0.347581
0.794711
0.670668
0.684665
0.684665
0.684665
0.762673
0.762673
0.550788
0.550788
0.575028
0.575028
0.986108
1.02981
0.439902
0.439902
0.0845452
0.131901
0.855308
0.0822698
0.147686
0.585642
0.585642
0.43642
0.43642
0.774919
0.211667
0.205765
1.09174
1.09174
0.427502
0.0679318
0.387825
0.621534
0.621534
0.0499553
0.340724
0.340724
0.305657
0.364222
0.373717
0.127284
0.127284
1.29836
1.29836
1.29836
0.323976
0.293085
0.596875
0.650742
0.851994
0.369909
0.369909
0.369909
0.369909
0.369909
0.455725
0.525541
0.318616
0.188934
0.188934
0.188934
0.275838
0.323839
0.18967
0.127627
0.161279
0.161279
0.384528
0.489296
0.489296
0.489296
0.298144
0.189497
0.21372
0.21372
0.21372
0.183545
0.183545
0.183545
0.397819
0.253076
0.417279
0.076142
0.466076
0.376703
0.419561
0.0718347
0.0718347
0.388175
0.402245
0.280137
0.799001
0.708736
0.708736
0.0455576
0.0455576
0.163678
0.341797
0.341797
0.186369
0.222581
0.222581
0.222581
0.183225
0.183225
0.0925691
0.211154
0.211154
0.288838
0.147389
0.313318
0.280595
0.249025
0.188243
0.188243
0.188243
0.272129
0.272129
0.0852491
0.0342553
0.0342553
0.0342553
0.0342553
0.0342553
0.33595
0.33595
0.33595
0.101472
0.101472
0.101472
0.430638
0.3669
0.343863
0.239297
1.21265
1.21265
0.302224
0.527498
0.527498
0.527498
0.463028
0.57979
0.519692
0.519692
0.301913
0.0799817
0.0799817
0.4701
0.4701
0.169909
0.623603
0.707897
0.707897
0.707897
0.210937
0.239297
0.187972
0.187972
0.16413
0.539339
0.377982
0.30951
0.272722
0.272722
0.493483
0.373054
0.373054
0.182006
0.417712
0.0597522
0.128224
0.0988019
0.0988019
0.0988019
0.0988019
0.483083
1.62964
0.272201
0.281778
0.0889619
0.0889619
0.445406
0.31364
1.29452
0.676866
0.623375
0.623375
0.623375
0.381814
0.381814
0.129371
0.571107
0.155435
0.155435
0.23819
0.550511
0.148589
0.148589
0.0520376
0.0520376
0.131473
0.443663
0.427266
0.427266
0.16405
0.549115
0.538941
0.616163
0.340874
0.652285
0.652285
0.652285
0.652285
0.18712
0.211768
0.48625
0.204527
0.204527
0.204527
0.340586
0.391379
0.391379
0.106264
0.106264
0.106264
0.106264
0.106264
0.106264
0.294464
0.0965963
0.548421
0.0940062
0.0940062
0.0865709
0.0865709
0.0865709
0.528667
0.528667
0.528667
0.528667
0.528667
0.528667
0.237858
0.180789
0.224754
0.163851
0.163851
0.163851
0.163851
0.307305
0.307305
0.479255
0.479255
0.24416
0.238103
0.153258
0.0818808
0.466966
0.185008
0.328481
1.22901
1.22901
1.22901
1.22901
1.22901
1.22901
0.626267
0.626267
0.182914
0.182914
0.182914
0.197598
0.118812
0.118812
0.118812
0.232963
0.896718
0.896718
1.088
1.088
1.088
0.364313
0.762312
0.281727
0.281727
0.189417
0.25292
0.25292
0.25292
0.23001
0.0564899
1.37304
0.119802
0.930811
0.271217
0.0567293
0.299851
0.299851
0.0417962
0.0417962
0.0417962
0.203943
0.203943
0.574105
0.574105
0.486765
0.731448
0.232909
0.232909
0.0248763
0.180418
0.276461
0.276461
0.276461
0.342779
0.342779
0.342779
0.342779
0.31723
0.31723
0.228658
0.228658
0.107353
0.107353
0.107353
0.146533
0.18661
0.0887931
0.0887931
0.290521
0.232788
0.0434705
0.0434705
0.0938101
0.0938101
0.0938101
0.0938101
0.38985
0.31367
0.408975
0.0781938
0.0781938
0.436964
0.437988
0.437988
0.381247
0.381247
0.215386
0.623132
1.37181
1.37181
1.37181
0.255122
0.255122
0.255122
0.0646078
0.732346
0.732346
0.271739
0.271739
0.307485
0.418449
0.418449
1.59262
0.356853
0.356853
0.295432
0.272719
0.272719
0.714663
0.078197
0.078197
0.336539
0.222289
0.464439
0.464439
0.464439
0.302077
0.262049
0.316245
0.281387
0.281387
0.467756
0.467756
0.0314715
0.0314715
0.0314715
0.0314715
0.0314715
0.213087
0.213087
0.213087
0.0854218
0.27645
0.286664
0.225153
0.066822
0.551845
0.551845
0.22586
0.239118
0.239118
0.104699
0.218247
0.574394
0.126908
0.126908
0.417846
0.0736703
0.0736703
0.143695
0.143695
0.143695
0.535625
0.18437
0.0767489
0.254496
0.355335
0.156588
0.883475
0.883475
0.883475
0.883475
0.266467
0.599387
0.599387
0.26779
0.26779
0.26779
0.182072
0.182072
0.0869901
0.0869901
0.0869901
0.210661
0.210661
0.210661
0.266232
0.50837
0.50837
0.576014
0.576014
0.576014
0.422285
0.59108
0.59108
0.611312
0.611312
0.611312
0.953595
0.953595
0.112598
0.112598
0.236465
0.261121
0.156787
0.355859
0.0946603
0.476871
0.453127
0.453127
0.453127
0.117333
0.774911
0.504366
0.0545467
1.44649
0.157
0.157
0.509608
0.434572
0.434572
0.0928839
0.0719781
0.121467
0.175832
0.927754
0.349175
0.349175
0.349175
0.538071
0.538071
0.538071
0.538071
0.603202
0.603202
0.603202
0.603202
0.603202
0.603202
0.0733167
0.536436
0.536436
0.434655
0.434655
0.56796
0.275649
0.595947
0.595947
0.845981
0.0438098
0.131713
0.131713
0.194464
0.38482
0.38482
0.356161
0.356161
0.420203
0.814018
0.662258
0.180117
0.255857
0.255857
0.281956
0.281956
0.281956
0.142561
0.561708
0.561708
0.340751
0.33724
0.33724
0.33724
0.392243
0.116356
0.220363
1.12496
0.68091
0.142617
0.142617
0.970415
0.677338
0.109097
0.109097
0.28119
0.28119
0.28119
0.2948
0.347727
0.347727
0.583036
0.0582613
0.0582613
0.872301
0.276599
0.276599
0.276599
0.276599
0.203535
0.203535
1.12272
0.321243
0.172311
0.242042
0.242042
0.34206
0.196071
0.303892
0.303892
0.303892
0.248972
0.178228
0.401659
0.401659
0.405177
0.405177
0.405177
0.175686
0.272644
0.501936
0.180033
0.394347
0.391437
0.294802
0.111082
0.111082
0.111082
0.111082
0.172037
0.305587
1.49707
1.49707
1.49707
1.49707
1.49707
1.49707
0.177209
0.429659
0.131529
0.131529
0.131529
0.131529
0.131529
0.413956
0.413956
1.09407
0.351078
0.152238
0.197627
0.517749
0.314913
0.379822
0.379822
0.521556
0.521556
0.344973
0.344973
0.344973
0.344973
0.344973
0.381595
0.381595
0.344741
0.161346
0.191357
1.01301
0.650487
0.0339444
0.0339444
0.0339444
0.0339444
0.0339444
0.196439
0.196439
0.168183
0.467803
0.467803
0.467803
0.467803
0.0655644
0.414286
1.40231
1.40231
0.272504
0.125664
0.30833
0.254473
0.262433
0.160541
0.160541
0.160541
0.160541
0.170308
0.240946
0.243919
0.243919
0.255124
0.756863
0.293557
0.206715
0.206715
0.101055
0.101055
0.101055
0.463776
0.233173
0.233173
0.350543
0.440222
0.134777
0.586133
0.586133
0.249588
0.324369
0.324369
0.324369
0.0456638
0.0456638
0.0456638
0.0456638
0.0456638
0.0456638
0.0456638
1.5487
0.266065
0.266065
0.0976223
0.0976223
0.0976223
0.0976223
0.368168
0.249657
0.306332
0.0749815
0.0749815
0.0749815
0.119114
0.415403
0.351524
0.351524
0.319549
0.0798907
0.0798907
0.243804
0.392918
0.392918
0.673135
0.174879
0.174879
0.250001
0.426885
0.426885
0.23226
0.475788
0.30579
0.256542
2.05296
2.05296
0.553737
0.553737
0.305568
0.258327
0.258327
0.332588
0.332588
0.131864
0.387032
0.250642
0.101517
0.101517
0.643647
0.101084
0.101084
0.456204
0.456204
0.456204
0.456204
0.456204
0.456204
0.384968
0.102712
0.102712
0.102712
0.133152
0.0829601
0.34736
0.401184
0.401184
0.592915
0.244438
0.0849625
0.0849625
0.257324
0.326787
0.326787
0.326787
0.391655
0.454696
0.112574
0.230438
0.932772
0.932772
0.816762
0.112107
0.356552
0.575272
0.379113
0.379113
0.219674
0.552206
0.552206
0.418047
0.276926
0.0864148
0.0864148
0.151444
0.951019
0.435474
0.435474
0.435474
0.609689
0.609689
0.609689
0.609689
0.228974
0.491776
0.320498
1.7976
0.265803
0.322274
0.584031
0.408101
0.147627
0.304854
0.0828381
0.698688
0.342092
0.5223
0.349735
0.349735
0.349735
0.163881
0.11303
0.460156
0.102481
0.161712
0.161712
0.4144
0.4144
0.370344
0.289325
0.289325
0.289325
0.289325
1.59537
0.34731
0.34731
0.34731
0.740113
0.162706
0.162706
0.582015
0.181425
0.592985
0.356748
0.0963379
0.0963379
0.238997
0.215012
0.0926891
0.502328
0.230838
0.230838
0.230838
0.0693976
0.0693976
0.257696
0.484629
0.0802737
0.202273
0.202273
0.202273
0.202273
0.202273
0.560957
0.290803
0.290803
0.212772
0.0619166
0.0619166
0.0619166
0.400583
0.232224
0.232224
0.232224
0.250132
0.250132
0.250132
0.250132
0.250132
0.837356
0.837356
0.837356
0.522006
0.522006
0.562094
0.562094
0.562094
0.668787
0.465264
0.355897
0.722188
0.151691
0.151691
0.312359
0.317574
0.296274
0.0525549
0.301549
0.198799
0.207222
0.207222
0.207222
0.207222
0.669288
0.794379
1.05968
0.683508
0.683508
0.0609043
0.446804
0.0895946
0.821048
0.0915631
0.676973
0.0440447
0.0440447
0.0440447
0.0440447
0.0284338
0.433666
0.433666
0.135817
0.135817
0.157261
0.157261
0.49195
0.49195
0.49195
0.49195
0.595602
0.252127
0.383242
0.780384
1.05339
1.05339
0.282351
0.282351
0.282351
0.422373
0.0985269
0.257698
0.0860634
0.226708
0.149119
0.149119
0.149119
0.149119
0.117666
0.292897
0.292897
0.292668
0.0409413
0.0409413
0.464376
0.239424
1.08263
0.16227
0.16227
0.16227
0.458903
0.458903
0.457863
0.170203
0.265368
0.178052
0.178052
1.17424
1.17424
1.17424
0.221036
0.221036
0.0896601
0.131317
0.131317
0.70612
0.70612
0.673426
0.673426
0.319869
0.536152
0.0435911
0.0435911
0.0435911
0.292061
0.809146
0.116606
0.106829
0.465431
0.465431
0.522797
1.70448
0.327635
0.541087
0.190957
0.290854
0.419594
0.265811
0.265811
0.802217
0.802217
0.52879
0.802383
0.281948
0.508678
0.508678
0.508678
0.508678
0.508678
0.330904
0.173317
0.171883
0.495896
0.125216
0.125216
0.140673
0.521345
0.074601
0.937233
0.937233
0.276077
0.276077
0.189583
0.189583
0.241695
0.453896
0.453896
0.453896
0.378188
0.378188
0.769327
0.343997
0.0693018
0.0693018
0.121969
0.972314
0.276161
0.286784
0.131128
0.62044
0.725205
0.644969
0.644969
0.0734117
0.623975
0.441518
0.441518
0.599034
0.132026
0.528003
0.0911029
0.170397
0.366286
0.34432
0.34432
0.404127
0.404127
0.218327
0.187764
0.94873
0.765631
0.41687
0.41687
0.41687
0.41687
0.154665
0.615326
0.157073
0.229664
0.874651
0.198374
0.198374
0.198374
0.198374
0.497516
0.497516
0.19011
0.180199
0.180199
0.17579
0.602893
0.602893
0.602893
0.602893
0.202661
0.202661
0.174088
0.860883
0.860883
0.268986
0.36809
0.36809
0.0491547
0.908384
0.908384
0.443075
0.285575
0.285575
1.22907
0.0636431
0.0636431
0.0636431
0.0636431
0.440263
0.575004
0.277443
0.277443
0.117095
0.117095
0.306002
0.306002
0.306002
0.306002
0.306002
0.306002
1.30795
0.834628
0.392674
0.969113
0.969113
0.969113
0.427457
0.197271
0.197271
0.630742
0.557047
0.371914
0.270985
0.270985
0.270985
0.40087
0.280228
0.0746762
0.368495
0.34926
0.34926
0.338527
0.338527
0.467748
0.467748
1.20659
0.300549
0.544639
0.133907
0.336497
0.336497
0.336497
0.387192
0.387192
0.201648
0.201648
0.201648
0.201648
0.304096
0.304096
0.304096
0.233635
0.457662
0.0242031
1.05092
1.05092
1.05092
1.05092
1.05092
0.047584
0.047584
0.238539
0.00384429
0.00384429
0.124061
0.124061
0.640788
1.37442
1.37442
1.37442
0.0484505
0.0484505
0.0484505
0.0484505
0.649453
0.204623
0.204623
0.292099
0.104773
0.104773
0.234052
0.0392134
0.360825
0.360825
0.575768
0.909562
0.311004
0.311004
0.311004
0.0375425
0.13648
0.13648
0.677223
0.677223
0.301006
0.301006
0.0780894
0.088638
0.0966341
0.262455
0.0324885
0.24145
0.611137
0.206896
0.206896
0.206896
0.15475
0.338862
0.338862
0.338862
0.450185
0.237451
0.106804
0.788322
0.788322
0.244149
0.244149
0.244149
0.244149
0.244149
0.573956
0.573956
0.573956
0.573956
0.573956
0.101251
0.123379
0.123379
0.123379
0.27107
0.325782
0.336591
0.336591
0.371898
0.278162
0.278162
0.260697
0.260697
0.376378
0.289107
0.263831
0.263831
0.11085
0.0827507
0.0827507
0.118612
0.271197
0.0700843
0.183445
0.183445
0.298644
0.298644
0.298644
0.298644
0.599551
0.599551
0.162998
0.480679
0.480679
0.480679
0.0744865
0.685237
0.268138
0.268138
0.515537
0.515537
0.25258
0.25258
0.25258
0.25258
0.0528268
0.0528268
1.05331
0.583667
0.583667
0.583667
0.067492
0.0367449
0.102562
0.10343
0.10343
0.319986
0.238651
0.238651
0.430775
0.430775
0.430775
0.29083
0.29083
0.29083
0.29083
0.29083
0.384732
0.579154
0.579154
0.454421
0.274816
0.120867
0.331048
0.331048
0.670146
0.110455
0.110455
0.110455
0.110455
0.110455
0.307741
0.2636
0.396463
0.147953
0.147953
0.28438
0.28438
0.145963
0.508766
0.446905
0.446905
0.564732
0.0752705
0.368299
0.368299
0.0842768
0.309852
0.309852
0.236673
0.388814
0.388814
0.388814
0.570358
0.570358
0.570358
0.570358
0.151087
0.492954
0.492954
0.492954
0.492954
0.492954
0.492954
0.492954
0.347535
0.347535
0.347535
0.113222
0.113222
0.113222
0.523997
0.523997
0.302715
0.302715
0.362234
0.173802
0.173802
0.173802
0.173802
0.173802
0.992737
0.398798
0.165234
0.484185
1.14929
0.112688
0.172654
0.733865
0.733865
0.733865
0.733865
0.359144
0.801065
0.141139
0.345049
0.345049
0.345049
0.345049
0.127596
0.127596
0.127596
0.222883
0.10519
1.11942
1.11942
0.25952
0.239348
0.239348
0.15253
0.301623
0.33827
0.33827
0.393602
0.393602
0.181537
0.0844354
1.10086
0.238837
0.0915254
0.0915254
0.0915254
0.379334
0.172121
0.172121
0.707139
0.707139
0.769508
0.7125
0.819168
0.327794
0.327794
0.173967
0.173967
1.25946
0.281329
0.204308
0.389748
0.172291
0.162323
0.642549
0.642549
0.176923
0.176923
0.270395
0.565294
0.10345
0.531306
0.481751
0.481751
0.303296
0.107004
0.0301382
0.0301382
0.133976
0.112152
0.2853
0.2853
0.2853
0.240607
0.0600037
0.0600037
0.169088
0.169088
0.5455
0.5455
0.5455
0.218199
0.218199
0.254821
0.254821
0.254821
0.275725
0.275725
0.302892
0.302892
0.630374
0.92541
0.92541
0.411392
0.411392
0.113651
0.113651
0.113651
0.113651
2.01129
0.451815
0.486194
0.486194
0.358171
0.358171
0.750599
0.750599
0.349522
0.271078
0.245152
0.245152
0.0780415
0.0780415
0.313883
0.175906
0.175906
0.175906
0.175906
0.175629
0.175629
0.419828
0.299926
0.223759
0.223759
0.222936
0.264599
0.264599
0.264599
0.988854
0.96563
0.96563
0.96563
0.96563
2.04433
0.250462
0.378195
0.141599
0.141599
0.464082
0.0273815
0.0273815
0.737627
0.737627
0.412596
0.412596
0.412596
0.412596
0.412596
0.412596
0.434865
0.388184
0.388184
0.0981267
0.0981267
1.40675
0.294242
0.294242
0.294242
0.380712
0.380712
0.658782
0.658782
0.785026
0.25792
0.25792
0.25792
0.829772
0.829772
0.483073
0.483073
0.483073
0.483073
0.446462
0.180884
0.393638
0.351187
0.652121
0.652121
0.260968
0.260968
0.189428
0.189428
0.395343
0.395343
0.395343
0.395343
0.395343
0.395343
0.187192
0.187192
0.187192
0.322577
0.322577
0.322577
0.268301
0.268301
0.268301
0.268301
0.268301
0.268301
0.268301
0.494809
0.247401
0.104204
0.104204
0.179
0.419725
0.144674
0.384466
0.384466
0.384466
0.323121
0.323121
0.323121
0.414166
0.0799316
0.0517844
0.474307
0.0476973
0.0476973
0.0476973
0.247433
0.247433
0.556056
0.556056
0.111389
0.111389
0.111389
0.725654
0.233199
0.0349874
0.293813
0.460241
0.460241
0.374415
0.573647
0.283878
0.257733
0.257733
0.257733
0.679865
0.679865
0.376441
0.262551
0.416756
0.594603
0.597546
0.597546
0.162239
0.162239
0.162239
0.162239
0.162239
0.162239
0.490657
0.31085
0.31085
0.345735
0.345735
0.211035
0.211035
0.0915645
0.50017
0.298665
0.298665
0.520278
0.172461
0.0490396
2.1458
0.395041
0.395041
0.816365
0.373182
0.111292
0.390436
0.170694
0.261234
0.279195
0.279195
0.318297
0.0801298
0.278764
0.278764
0.287097
0.298946
0.159582
0.159582
0.47584
0.47584
0.286459
0.410278
0.300684
0.0479032
0.257623
0.0578727
0.0578727
0.0578727
0.411546
0.411546
0.411546
0.374016
0.0804669
0.0216372
0.169937
0.280222
0.40567
0.147422
0.147422
0.37805
0.37805
0.243126
0.243126
0.133396
0.133396
1.05882
1.05882
0.38297
0.479159
0.479159
0.846225
0.846225
0.846225
0.115051
0.115051
0.115051
0.115051
0.115051
0.230488
0.230488
0.0547584
0.430831
0.182645
0.242527
0.399646
0.17766
1.25435
0.192952
0.115912
0.61063
0.0656197
0.428407
0.428407
0.428407
0.311333
0.311333
0.575213
0.575213
0.575213
0.387117
0.221139
0.396712
0.396712
0.396712
0.396712
0.462477
0.462477
0.462477
0.462477
0.462477
0.462477
0.462477
0.462477
0.156054
0.0482323
0.0482323
0.0482323
0.198488
0.198488
0.131573
0.0487089
0.202195
0.339383
0.339383
0.339383
0.530943
0.363934
0.363934
0.363934
0.590132
0.590132
0.590132
0.183154
0.183154
0.229867
0.135183
0.439768
0.439768
0.283226
0.624833
0.262801
0.0995076
0.702952
0.113178
0.113178
0.113178
0.264733
0.186297
0.186297
0.42542
0.164643
0.283852
0.951715
0.951715
0.951715
0.951715
0.951715
0.144864
0.144864
0.144864
0.144864
0.144864
0.144864
0.144864
0.144864
0.144864
0.144864
0.685128
0.201722
0.201722
0.126348
0.227877
0.407726
0.136375
0.136375
0.136375
0.136375
0.0915545
0.384786
0.0580124
0.553353
0.0281221
0.255123
0.255123
0.255123
0.255123
0.255123
0.255123
0.255123
0.255123
0.242889
0.242889
0.667704
0.667704
0.873742
0.0490741
0.268057
0.522333
2.41723
2.41723
2.41723
0.724513
0.226687
0.226687
0.226687
0.294022
0.0459586
0.161389
0.811091
0.811091
0.811091
0.120244
0.240337
0.240337
0.631263
0.631263
1.15747
0.0342
0.197911
0.197911
0.197911
0.478409
0.617819
0.103789
0.103789
0.510469
0.351304
0.351304
0.531775
0.159357
0.643266
0.21006
0.21006
0.21006
0.21006
0.380576
0.504623
0.199077
0.199077
0.199077
0.199077
0.274488
0.274488
0.274488
0.274488
0.274488
0.274488
0.431385
0.431385
0.121574
0.121574
0.121574
0.121574
0.121574
0.238344
0.238344
0.271625
0.131321
0.188637
0.187682
0.292855
0.292855
0.292855
0.292855
0.292855
0.367088
0.367088
0.122943
0.623071
0.70427
0.110351
0.110351
0.819411
0.329135
1.23096
1.23096
1.23096
1.23096
0.122414
0.82829
0.18309
0.270553
0.270553
0.38871
0.38871
0.396881
0.396881
0.396881
0.396881
0.211232
0.32874
0.32874
0.481169
0.481169
0.481169
0.164244
0.606995
0.606995
0.268979
0.134726
0.323868
0.136703
0.198116
0.198116
0.198116
0.204268
0.204268
0.204268
0.0935117
0.0935117
0.231822
0.231822
0.231822
0.39573
0.39573
0.39573
0.39573
0.514461
1.4963
1.4963
0.0995523
0.244139
0.244139
0.259335
0.617859
1.31965
1.31965
0.186386
0.186386
0.478438
0.478438
0.478438
0.0254236
0.0254236
0.0254236
0.128557
0.128557
0.686745
0.916707
0.916707
0.338711
0.184288
0.543996
0.209899
0.162578
0.0759166
0.536032
0.200285
0.200285
0.200285
0.200285
0.131647
0.407132
0.254944
0.272565
0.272565
0.606098
0.606098
0.186209
1.1428
1.1428
0.22564
0.394655
0.0997093
0.108834
0.549303
0.434487
0.434487
0.394084
0.163178
0.0280599
0.142804
0.204496
0.10938
0.10938
0.0664155
0.556593
0.556593
0.556593
0.186228
0.186228
0.186228
0.241581
0.241581
0.10943
0.312438
0.312438
0.312438
0.0247556
0.0451477
0.703225
0.427797
0.427797
0.300018
0.54815
0.739296
0.739296
0.356807
0.476046
0.444649
0.444649
0.444404
0.499148
0.100772
0.100772
0.0996935
0.0996935
0.423678
0.769266
0.350488
0.350488
0.11538
0.11538
0.274179
0.274179
0.0679629
0.0679629
0.0679629
0.199556
0.199556
0.290036
0.290036
0.126388
0.247056
0.343865
0.161357
0.598657
0.256428
0.632646
0.171689
0.171689
0.171689
1.43791
1.43791
1.43791
1.43791
1.43791
1.43791
1.43791
0.357188
0.228449
0.551903
0.282711
0.282711
0.282711
0.174802
0.321043
0.321043
1.06618
1.06618
1.06618
0.114451
1.22764
1.32247
0.440404
0.440404
0.440404
0.440404
0.423912
0.423912
0.256202
0.358507
0.22008
0.22008
0.22008
0.577837
0.577837
0.577837
0.577837
0.192652
0.581232
0.581232
0.110707
0.0982441
0.0455052
0.269052
0.188546
0.66141
0.138494
0.725518
0.257219
0.257219
0.658847
0.280853
0.506406
0.506406
0.506406
0.506406
0.506406
0.0521077
0.0521077
0.502249
0.377945
0.377945
0.377945
0.406424
0.202007
0.202007
0.202007
1.7813
1.7813
1.7813
0.300812
0.0852722
0.152837
0.10223
0.303847
0.153932
0.153932
0.153932
0.153932
0.303412
0.303304
0.303304
0.170551
0.320708
0.320708
0.320708
0.320708
0.254543
0.254543
0.254543
0.258108
0.654329
0.654329
0.30479
0.189535
0.242795
0.242795
0.870748
0.870748
0.414665
0.414665
0.502299
0.502299
0.502299
0.502299
0.152382
0.304723
0.494233
0.106773
0.106773
0.106773
0.155033
0.155033
0.155033
0.155033
0.155033
0.75547
0.75547
0.75547
0.25586
0.268119
0.268119
0.876031
0.140005
0.397765
0.518322
0.538107
0.182007
0.182007
0.182007
0.182007
0.182007
0.182007
0.195621
0.195621
0.16284
0.16284
0.941459
0.361106
0.361106
0.361106
0.657775
0.657775
0.657775
0.607063
0.355487
0.386544
0.121942
0.44131
0.44131
0.44131
0.44131
0.516829
0.516829
0.516829
0.516829
0.516829
0.516829
0.282907
0.618545
0.618545
0.618545
0.618545
0.123276
0.476392
0.476392
0.476392
0.476392
0.476392
0.476392
0.823221
0.823221
0.432114
0.432114
0.432114
1.00143
1.00143
1.00143
0.0650784
0.185634
0.185634
0.18392
0.18392
0.0804795
0.144184
0.144184
0.144184
0.444236
0.133937
0.133937
0.317669
0.102943
0.423517
0.171845
0.171845
0.0234415
1.69779
0.279558
0.279558
0.279558
0.279558
0.279558
0.410705
0.410705
0.410705
0.106432
0.106432
0.106432
0.106432
0.106432
0.233931
0.273588
0.273588
0.745548
1.19809
1.19809
1.19809
0.112422
0.212314
0.317842
0.199832
0.0676504
0.257476
0.257476
0.260929
0.317273
0.317273
0.317273
0.317273
0.359835
0.77928
0.196007
0.0864826
0.291023
0.351183
0.351183
0.134454
0.274417
0.274417
0.274417
0.232993
0.232993
0.287352
0.287352
0.277309
0.394977
0.121111
0.484584
0.0330652
0.0330652
0.0952101
0.0952101
0.221198
0.221198
0.221198
0.221198
0.230306
0.15242
0.12519
0.784718
0.19015
0.394277
0.118689
0.118689
0.118689
0.188535
0.188535
0.425993
0.425993
0.425993
0.0427238
0.0427238
0.220282
0.406564
0.0726292
0.15313
0.15313
0.15313
1.34273
1.34273
0.180268
0.532566
0.532566
0.233673
0.233673
0.117526
0.117526
0.117526
0.407693
1.05778
0.219973
0.30275
0.146842
0.146842
0.532328
0.532328
0.532328
0.142681
0.467679
0.362949
0.362949
0.362949
0.482523
0.861308
0.861308
0.342455
0.155916
0.468071
0.138597
0.0765717
0.0765717
0.717662
0.18639
0.922824
0.922824
0.273762
0.273762
0.273762
0.469765
0.342715
0.8661
0.255853
0.0673762
0.257528
0.257528
0.0325376
0.265456
0.121198
0.121198
0.194834
0.194834
0.194834
0.326907
0.515667
0.689762
0.251901
0.251901
0.251901
0.251901
0.121628
0.383211
0.511603
0.511603
0.511603
0.511603
0.511603
0.511603
0.511603
0.85041
0.346039
0.0814452
0.246257
0.42084
0.42084
0.740552
1.12835
0.420079
0.420079
0.420079
0.420079
0.321889
0.321889
0.321889
0.155718
0.155718
0.155718
0.155718
0.396584
0.0742596
0.247951
0.247951
0.247951
0.247951
0.087209
0.111439
0.259773
0.486265
0.486265
0.486265
0.140346
0.333205
0.333205
0.0534467
0.0534467
0.0534467
0.209574
0.209574
0.209574
0.638718
0.638718
0.173862
1.1275
0.118011
0.216886
0.980221
0.980221
0.980221
0.980221
0.450254
0.18364
0.722613
0.722613
0.220753
0.366501
0.18922
0.49667
0.128183
0.128183
0.185762
0.550084
0.715047
0.622376
0.319689
0.198887
0.525156
0.117398
0.404764
0.740548
0.740548
0.740548
0.740548
0.378991
0.435994
0.86654
0.556484
0.0851932
0.0851932
0.259313
0.259313
0.699188
0.39598
0.157268
0.265587
0.345073
0.310541
0.568445
0.137125
0.219021
0.219021
0.389654
0.570464
0.172146
0.316823
0.0968692
0.0586711
0.0250129
1.59372
1.59372
1.59372
1.59372
1.59372
0.105371
0.105371
0.245792
0.245792
0.245792
0.269185
0.264912
0.0797666
0.184467
0.184467
0.194258
0.730316
0.730316
0.301517
0.748282
0.137723
0.137723
0.137723
0.137723
0.137723
0.137723
0.137723
0.108579
0.108579
0.108579
0.0332963
0.253623
0.640358
0.640358
0.994761
0.512636
0.545264
0.290718
0.290718
0.22389
0.281706
2.02232
0.195367
0.195367
0.693639
0.70184
0.438043
0.438043
0.438043
0.254659
0.254659
0.24593
0.24593
0.416718
0.108882
0.278619
0.278619
0.278619
0.278619
0.278619
0.278619
0.347331
0.0974341
0.0974341
0.0974341
0.0974341
0.0974341
0.360061
0.212597
0.815622
0.815622
0.122509
0.468432
0.390595
0.390595
0.390595
0.390595
0.453336
0.453336
0.0945243
0.0945243
0.469603
0.716334
1.49391
1.49391
0.285129
0.173577
0.261053
0.199962
0.0907833
0.396153
0.202033
0.211937
0.291648
0.291648
0.28945
0.0874494
0.282161
0.200593
0.200593
0.17918
0.17918
0.398462
0.398462
0.237475
0.265522
0.265522
0.24792
0.394291
0.394291
0.171262
0.171262
0.478358
0.62008
0.62008
0.62008
0.265126
1.17986
1.17986
0.745024
0.28396
0.215455
0.215455
0.215455
0.786546
0.786546
1.04357
0.425909
0.425909
0.425909
0.114831
0.229132
0.229132
0.142626
0.624429
0.624429
0.328721
0.32607
0.481171
0.0574614
0.0574614
0.0574614
0.0574614
0.0574614
0.0574614
0.148912
0.448133
0.471125
0.257896
0.914532
0.166563
0.0373394
0.141204
0.0956458
0.0956458
0.0956458
0.317358
0.317358
0.579827
0.483992
0.168397
0.262475
0.435238
0.355936
0.168213
0.168213
0.301439
0.187333
0.841383
0.841383
0.841383
0.071638
0.071638
0.071638
0.071638
0.42674
0.372385
0.372385
0.371893
0.508877
0.284717
0.269636
1.15252
0.40294
0.387321
0.45006
0.176018
0.176018
0.163331
0.163331
0.0741226
0.0741226
0.0741226
0.0741226
0.0741226
0.0741226
0.0741226
0.0741226
0.0741226
0.757577
0.39735
0.545443
0.545443
0.545443
0.545443
0.545443
0.545443
0.25727
0.25727
0.25727
0.0394717
0.0394717
0.0394717
0.579543
0.579543
1.08724
0.188309
0.188309
0.358288
0.419133
0.324205
0.324205
0.324205
0.400469
0.203191
0.426376
0.237058
0.360444
0.360444
0.360444
0.215915
0.215915
0.423599
0.756192
0.946239
0.2671
0.2671
0.197582
0.0965695
0.0965695
0.255499
0.255499
0.779931
0.467346
0.359049
0.250506
0.36629
0.36629
0.36629
0.0346572
0.380264
0.409792
0.126342
0.126342
0.126342
0.126342
0.459778
0.459778
0.210844
0.909003
0.20431
0.20431
0.369586
0.158561
0.0608842
0.625121
0.625121
0.625121
0.625121
0.625121
0.228338
0.228338
0.0470256
0.674387
0.674387
0.674387
0.291384
0.264482
0.617694
0.617694
0.617694
0.617694
0.381916
0.185613
0.185613
0.158325
0.0815666
0.0815666
0.200454
0.200454
0.200454
0.200454
0.237358
0.237358
0.237358
0.237358
0.0345156
0.0345156
0.0345156
0.0345156
0.236694
0.452133
0.452133
0.452133
0.452133
0.203364
0.203364
0.052651
1.07556
0.15594
0.784126
0.107847
0.660798
0.660798
0.24566
0.543677
0.134856
0.0435019
0.45423
0.0735644
0.209307
0.144348
0.0664077
0.0664077
0.312273
0.452307
0.181912
0.181912
0.220345
0.553658
0.553658
0.553658
0.333433
0.314845
0.314845
0.314845
0.314845
0.456233
0.565181
0.482478
0.235829
0.235829
0.193115
0.193115
0.193115
0.193115
0.331201
0.564002
0.207389
0.207389
0.207389
0.516601
0.189441
0.198924
0.339924
0.339924
0.413987
0.413987
0.434515
0.291948
0.291948
0.291948
0.240659
1.19486
0.27976
0.27976
0.27976
0.530246
0.530246
0.530246
0.399135
0.399135
0.487923
0.487923
0.242944
0.23729
0.319569
0.319569
0.506554
0.506554
0.506554
0.506554
0.377444
0.377444
0.320068
0.320068
0.263297
0.783705
0.783705
0.783705
0.252697
0.342297
0.36574
0.15324
0.0689532
0.0689532
0.0842035
0.32948
0.0227604
0.42645
0.0729465
0.238008
0.140489
0.260047
0.692384
0.692384
0.692384
0.692384
0.692384
0.270229
0.648751
0.338881
0.338881
0.112436
0.103361
0.459902
0.459902
0.120024
0.120024
0.120024
0.61954
0.61954
0.61954
0.508188
0.508188
0.0679285
0.169837
0.169837
0.207927
0.146613
0.195868
0.173815
0.173815
0.667814
0.0637302
0.107841
0.0448219
0.0448219
0.185321
0.185321
0.76716
0.76716
0.546668
0.546668
0.20298
0.20298
0.359973
0.359973
0.359973
0.400723
0.671663
0.520316
0.520316
0.520316
0.04277
0.110491
0.53094
0.161187
0.161187
0.123335
0.123335
0.753003
0.753003
0.327004
0.286887
0.227265
0.227265
0.227265
0.15082
0.15082
0.15082
0.208894
0.208894
0.10903
0.108858
0.208975
0.476777
0.476777
0.476777
0.476777
0.278048
0.282082
0.282082
0.282082
0.0882541
0.0882541
0.0882541
0.599687
0.14374
0.425639
0.425639
0.425639
0.28043
0.147215
0.119159
0.119159
0.401192
0.215846
0.303025
0.0918267
0.572038
0.572038
0.572038
0.572038
0.572038
0.861486
0.861486
0.245483
0.154926
0.390718
0.345253
0.185591
0.242132
0.242132
0.242132
0.900733
0.560338
0.560338
0.48979
0.48979
0.48979
0.48979
0.125484
0.44144
0.12837
0.201681
0.201681
0.527391
0.620245
0.620245
0.620245
0.68891
0.68891
0.68891
0.68891
0.844557
0.794604
0.284683
0.208847
0.208847
0.390544
0.268491
1.06086
1.06086
0.815762
0.0323512
0.685808
0.685808
0.685808
0.162201
0.919377
0.919377
0.683286
0.683286
0.683286
0.325723
0.101529
0.101529
0.0721532
0.147927
0.147927
0.147927
0.06834
0.06834
0.711306
0.23017
0.898491
0.184224
0.184224
0.184224
0.12913
0.353379
0.353379
0.353379
0.13132
0.492175
0.492175
0.492175
0.404488
0.404488
0.404488
0.543108
0.543108
0.543108
0.251884
0.251884
0.251884
0.588798
0.542881
0.121863
0.493258
0.493258
0.772426
0.31834
0.17372
0.793938
0.146192
0.146192
0.146192
0.959714
0.959714
0.250699
0.250699
0.250699
0.532196
0.129768
0.358476
0.286914
0.633375
0.235794
0.235794
0.167124
0.0173321
0.205532
0.47032
0.290754
0.179307
0.195785
0.195785
0.359039
0.246258
0.246258
0.246258
0.591584
0.65365
0.65365
0.489782
0.489782
0.489782
0.142402
0.426907
0.203293
0.203293
0.752448
0.850739
0.0712465
0.0712465
0.280577
0.831571
0.107749
0.446473
0.446473
0.231507
0.179162
0.36043
0.36043
0.36043
0.36043
0.194229
0.194229
0.451388
0.64654
0.64654
0.64654
0.24979
0.24979
0.24979
0.478969
0.478969
0.478969
0.478969
1.0192
0.153011
0.153011
0.111314
0.369815
0.315609
0.564417
0.646965
0.141138
0.136971
0.136971
0.226999
0.061539
0.061539
0.061539
0.32772
0.504704
0.504704
0.15625
0.42544
0.328873
0.097356
0.293983
0.293983
0.223981
0.223981
0.181835
0.343591
0.243952
0.650618
0.650618
0.508113
0.167017
0.167017
0.775331
0.331807
0.099307
0.099307
0.059178
0.0922043
0.386406
0.163742
0.163742
0.163742
0.163742
0.83933
0.83933
0.380137
0.201691
0.201691
0.201691
0.0790294
0.298757
0.285226
0.747944
0.56537
0.56537
0.573294
0.213258
0.272697
0.465581
0.465581
0.465581
0.465581
0.88991
0.88991
0.118856
0.0394494
0.0924606
0.0924606
0.0924606
0.0924606
0.295703
0.203192
0.29238
0.245721
0.245721
0.18896
0.220819
0.220819
0.220819
0.0571695
0.0571695
0.276519
0.38145
0.539311
0.203541
0.0176144
0.0176144
0.233964
0.233964
0.27823
0.543538
0.543538
0.543538
0.123678
0.0804018
0.0804018
0.43396
0.43396
0.553054
0.505347
0.440876
0.764018
0.764018
0.263133
0.315453
0.315453
0.261637
0.261637
0.175858
0.175858
0.79101
0.79101
0.79101
0.79101
0.383807
0.173857
0.173857
0.173857
0.173857
0.173857
0.702438
0.305515
0.305515
0.215661
0.215661
0.0748247
0.174643
0.232433
0.250351
0.187374
0.187374
0.187374
0.429194
1.21575
1.23837
1.23837
1.23837
0.421715
0.421715
0.498843
0.234144
0.234144
0.234144
0.668887
0.668887
0.668887
0.668887
0.239791
0.00857523
0.310171
0.310171
0.310171
0.473056
0.473056
0.473056
0.473056
0.473056
0.0512162
0.162962
0.469164
0.50725
0.154035
0.889545
0.889545
0.691581
0.830461
1.28796
0.351006
0.196189
0.115613
0.115613
0.115613
0.19581
0.19581
0.149513
0.225266
0.2691
0.278117
0.239315
0.239315
0.239315
0.438282
0.297681
0.297681
0.23794
0.477676
0.319212
0.204565
0.115659
0.587314
0.587314
0.587314
0.587314
0.0452318
0.0452318
0.0452318
0.0638686
0.526244
0.526244
0.157448
0.157448
0.603455
0.29061
0.29061
1.44082
0.344016
0.15261
0.113473
0.113473
0.499448
0.499448
0.499448
0.499448
0.499448
0.499448
0.599863
0.159594
0.159594
0.246531
0.246531
0.246531
0.560298
0.560298
0.560298
0.297603
0.571701
0.26858
0.157637
0.263858
0.187194
0.187194
0.168468
0.254038
0.121474
0.470416
0.106377
0.496978
0.222114
0.123796
0.105199
0.090322
0.090322
1.27293
1.11206
0.249695
0.420373
0.037174
0.333959
0.333959
0.198574
0.198574
0.198574
0.175897
0.136913
0.234131
0.234131
0.160431
0.133044
0.461419
0.461419
0.216059
0.216059
0.220074
0.634797
0.0511352
0.478055
0.267068
0.0444984
0.308022
0.308022
0.526435
0.288716
0.154642
0.300165
0.300165
0.295733
0.30299
1.31839
0.51318
0.222405
0.209428
0.234633
0.178708
0.096501
0.096501
0.096501
0.096501
0.452416
0.0805786
0.297533
0.297533
0.277551
0.64451
0.64451
0.435622
0.195401
0.553289
0.553289
0.553289
0.553289
0.543351
0.543351
0.39637
0.254718
0.398181
0.133828
0.133828
0.133828
0.259677
0.688606
0.355796
0.355796
0.355796
0.255241
0.430861
0.198832
0.586567
0.422352
0.422352
0.422352
0.162753
0.127809
0.127809
0.127809
0.15803
0.15803
0.152469
0.152469
0.245094
0.437586
0.437586
0.0186688
0.0815122
0.167735
0.167735
0.202679
0.232797
0.270538
0.270538
0.0869587
0.103689
0.0989979
0.416675
0.463185
0.563019
0.563019
0.476025
0.439177
0.439177
0.439177
0.439177
0.439177
0.813512
0.156309
0.156309
0.183078
0.183078
0.0806664
0.543566
0.543566
0.543566
0.543566
0.543566
0.230062
0.36351
0.0810426
0.0810426
0.225519
0.641299
0.212786
0.317515
0.77622
1.06147
0.394642
0.394642
0.390023
0.390023
0.390023
0.815983
0.815983
0.815983
0.520179
0.859133
0.506198
0.506198
0.317259
0.410428
0.718441
0.280383
0.0291254
0.0291254
0.00573473
0.00573473
0.61707
0.168232
0.662566
0.662566
0.0266516
0.1296
0.166873
0.63926
0.589057
0.493682
0.493682
0.493682
0.712281
0.381537
0.539654
0.539654
0.283091
0.283091
0.402747
0.402747
0.126433
0.126433
0.126433
0.150131
0.150131
0.150131
0.169689
0.169689
0.672341
0.672341
0.451546
0.785473
0.284992
0.623669
0.467269
0.304538
0.304538
0.304538
0.187116
0.0636686
0.0636686
0.0636686
0.265404
0.265404
0.265404
0.434864
0.516953
0.516953
0.821456
0.380376
0.24149
0.125415
0.883777
1.10563
0.747426
0.747426
0.19507
0.506009
0.506009
0.268499
0.268499
0.314215
0.263701
0.263701
0.263701
0.263701
0.242936
0.242936
0.248876
0.11301
0.11301
0.11301
0.11301
0.255647
0.255647
0.645242
0.245718
0.195101
0.0371291
0.0371291
0.0371291
0.0371291
0.0371291
0.141407
0.162837
0.549938
0.549938
0.285889
0.285889
0.285889
0.198437
0.27981
0.27981
0.27981
0.611182
0.139887
0.139887
0.283594
0.505213
0.320495
0.298573
0.363253
0.15339
0.15339
0.467139
0.236783
0.21332
0.465922
0.700094
0.391293
0.391293
0.391293
0.391293
0.391293
0.391293
0.393726
0.393726
0.115573
0.115573
0.599879
0.628241
0.520916
0.520916
0.520916
0.520916
0.520916
0.520916
0.520916
0.375459
0.375459
0.375459
0.689066
0.118145
0.118145
0.118145
0.137549
0.238678
0.238678
0.238678
0.192172
0.530445
0.530445
0.530445
0.530445
0.530445
0.621668
0.621668
0.37418
0.207758
0.381428
0.53491
0.00942268
1.0169
0.56975
0.0540286
0.0540286
0.0540286
0.390381
0.429317
0.429317
0.247754
0.247754
0.247754
0.534674
0.534674
0.531932
0.531932
0.531932
0.322409
0.322409
0.868462
0.0996955
0.0756511
0.0756511
0.345301
0.279687
0.279687
0.247127
0.404755
0.837211
0.837211
0.52134
0.52134
0.52134
0.52134
0.52134
0.52134
0.52134
0.52134
0.375537
0.375537
0.375537
0.230508
0.230508
0.706925
0.706925
0.706925
0.392896
0.117506
0.326098
0.129126
0.32643
0.32643
0.0750244
0.0750244
0.0750244
0.0750244
0.342706
0.342706
0.342706
0.342706
0.28648
0.176651
0.656397
0.168729
0.146079
0.341744
0.462044
0.19227
1.33335
1.33335
0.0571493
0.244186
0.25464
0.357262
0.357262
0.0772921
0.410644
0.410644
0.684205
0.162501
0.162501
0.0848997
0.0848997
0.0848997
0.0712786
2.66221
0.079034
0.079034
0.079034
0.344021
0.267832
0.128648
0.380703
0.380703
0.324571
0.607279
0.0482365
0.0482365
0.265339
0.270853
0.270853
0.270853
0.270853
0.270853
0.271314
0.271314
0.0464591
0.0464591
0.0830908
0.373512
0.0587751
0.682436
0.369646
0.310957
0.310957
0.273701
0.328883
0.328883
0.157596
0.157596
0.157596
0.111522
0.111522
0.303035
0.246276
0.246276
0.246276
0.433974
0.433974
0.433974
0.433974
0.433974
0.433974
0.722651
0.321436
0.0648028
0.0648028
2.10512
2.10512
0.23457
0.23457
0.555558
0.688055
0.688055
0.52561
0.52561
0.52561
0.52561
0.442501
0.028465
0.028465
1.03095
1.03095
0.34574
0.589725
0.228019
0.228019
0.509353
0.0682972
1.31753
0.36402
0.36402
0.16679
0.16679
0.248357
0.248357
0.369466
0.369466
0.344426
0.344426
0.729647
0.729647
1.03244
0.454355
0.454355
0.0546182
0.0845244
0.0845244
0.702033
0.860334
0.230718
0.169965
0.185225
0.185225
0.404155
0.0261069
0.525823
0.525823
0.541551
0.0501339
0.0501339
0.0501339
0.0501339
0.0501339
0.569292
0.569292
0.0631337
0.117631
0.117631
0.399051
0.507681
0.507681
0.507681
0.454772
0.289333
0.0697748
0.992086
0.27695
0.191331
0.191331
0.214995
0.386698
0.555559
0.555559
0.174376
0.441058
0.441058
0.441058
0.200234
0.478825
0.478825
0.349883
0.39645
0.12052
0.187329
0.432076
0.175462
0.175462
0.328283
0.0190371
0.56893
0.159714
0.159714
0.159714
0.159714
0.159714
0.159714
0.159714
0.159714
0.241111
0.371805
0.312146
0.16215
1.00836
0.902984
0.222336
0.222336
0.429545
0.205968
1.06883
1.06883
1.06883
1.06883
0.119004
0.119004
0.119004
1.22307
0.275719
0.275719
0.406982
0.381883
0.381883
0.0887406
0.0887406
0.10523
0.82301
0.82301
0.82301
0.82301
0.0699099
0.128408
0.365055
0.397395
0.804758
0.066412
0.066412
0.076576
0.076576
0.076576
0.099823
0.099823
0.099823
0.315495
0.529489
0.529489
0.529489
0.529489
0.153472
0.1312
0.0600201
0.0600201
0.0600201
0.244236
0.273438
0.273438
0.273438
0.0519754
0.141331
0.141331
0.444886
0.38312
0.359671
0.359671
0.322191
0.322191
0.606697
1.23069
0.171504
0.148668
0.148668
0.0466769
0.153285
0.153285
0.301968
0.301968
0.212174
0.851309
0.851309
0.16101
0.16101
0.117271
0.353302
0.244818
0.354616
0.167567
0.560141
0.560141
0.642996
0.298347
0.0298699
0.0298699
0.0298699
0.257932
0.257932
0.0189661
0.237202
0.237202
0.183186
0.183186
0.183186
0.183186
0.113921
0.190344
0.190344
0.0951675
0.0951675
0.261509
0.261509
0.261509
0.532004
0.761258
0.338904
0.286141
1.00055
0.24684
0.933457
0.146982
0.146982
0.146982
0.146982
0.560506
0.112731
0.112731
0.112731
0.299026
0.201199
0.201199
0.349354
0.113402
0.113402
0.124719
0.124719
0.124719
0.124719
0.623385
0.242008
0.242008
0.544453
0.544453
0.544453
0.544453
0.534536
0.534536
0.293477
0.250392
0.368972
0.407259
0.407259
0.407259
0.407259
0.407259
0.407259
0.407259
0.139708
0.0763106
1.02578
0.0940167
0.0940167
0.54819
0.421984
0.171948
0.131906
0.163238
0.0775903
0.0775903
0.0775903
0.0775903
0.0775903
0.0775903
0.0775903
0.0995473
0.0995473
0.0995473
0.178004
0.40476
0.40476
0.40476
0.0987524
0.784272
1.31572
0.479736
0.0686126
0.213876
0.775237
0.775237
0.221051
0.414933
0.414933
0.655872
0.318681
0.416384
0.417574
0.486104
0.139769
0.296353
0.296353
0.296353
0.872438
0.273924
0.073959
0.073959
0.073959
0.297535
1.77904
1.77904
1.77904
0.0839581
0.0839581
0.142971
0.102498
0.512554
0.0533767
0.0533767
0.0533767
0.275614
0.275614
0.405072
0.405072
0.227495
0.291751
0.291751
0.291751
0.473207
0.473207
0.257346
0.257346
0.274102
0.792984
0.792984
0.141491
0.396065
0.692651
0.0400365
0.0400365
0.0400365
0.0400365
0.289348
0.289348
0.378164
0.378164
0.414062
0.167397
0.167397
0.127122
0.127122
0.365434
0.367582
0.284501
0.284501
0.472879
0.0221798
0.0221798
0.900865
0.890835
0.890835
0.820972
0.363236
0.148437
1.16807
0.309645
0.0578052
0.470378
0.325177
0.0925504
0.0925504
0.0925504
0.110289
0.261446
0.261446
0.400675
0.400675
0.0847795
0.0847795
0.0453686
0.0487887
0.243259
0.243259
0.0799748
0.168454
0.109365
0.540003
0.0800818
0.314422
0.314422
0.325599
0.325599
0.28408
0.138741
0.466097
0.466097
0.466097
0.466097
0.466097
0.466097
0.466097
0.466097
0.466097
0.466097
0.592668
0.126688
1.27704
1.27704
1.27704
0.350471
0.350471
0.173027
0.148534
0.148534
0.148534
0.148534
0.413279
0.413279
0.413279
0.197733
0.197733
0.197733
0.171603
0.171603
0.171603
0.171603
0.117707
0.21922
0.21922
0.21922
0.865521
0.865521
0.204933
0.204933
0.531496
0.246763
0.62919
0.62919
0.62919
0.62919
0.0335901
0.217691
0.217691
0.474757
0.0904037
0.0904037
0.263972
0.263972
0.0647516
0.14892
0.220142
0.220142
0.460906
0.0438674
0.120936
0.159594
0.255681
0.556181
0.0368806
0.0330662
0.0330662
0.0330662
0.0330662
0.665854
0.289299
0.397375
0.397375
0.397375
0.102305
0.102305
0.481118
0.481118
0.130252
0.190253
0.190253
0.190253
0.533961
0.533961
0.51459
0.312078
0.18856
0.18856
0.18856
0.717206
0.315211
0.315211
0.356564
0.0408882
0.0408882
0.28015
0.28015
0.394674
0.629174
0.530947
0.345653
0.345653
1.10246
0.215966
0.215966
0.1754
0.382199
0.086012
0.086012
0.086012
0.086012
0.343039
0.0768561
0.0768561
0.0768561
0.0768561
0.0768561
0.314177
0.461569
0.438125
0.438125
0.26335
0.162931
0.162931
0.162931
0.0982791
0.120012
0.903357
0.115489
0.310176
0.140865
0.140865
0.131233
0.699261
0.699261
0.360892
0.19952
0.35342
0.35342
0.26139
0.26139
0.26139
0.784849
0.246077
0.738051
0.738051
0.360402
0.233314
0.246903
0.113919
0.109718
0.109718
0.109718
0.109718
1.0505
0.925228
0.925228
0.163358
0.117549
0.19073
0.19073
0.865004
0.865004
0.865004
0.865004
0.390709
0.0796743
0.168567
0.401406
0.401406
0.401406
0.401406
0.401406
0.401406
0.287252
0.0414454
0.175785
0.159883
0.56245
0.337346
0.374618
0.374618
0.839143
0.839143
0.206174
0.290504
0.215162
0.215162
0.215162
0.215162
0.215162
0.215162
0.198807
0.142992
0.137606
0.331255
0.331255
0.281909
0.999934
0.999934
0.312899
0.880279
0.338914
0.338914
0.583235
0.583235
0.919038
0.919038
0.356011
0.152185
0.152185
0.610948
0.794246
0.187836
0.280374
0.295537
0.295537
0.295537
0.295537
0.295537
0.295537
0.295537
0.522122
0.289399
0.289399
0.251492
0.251492
0.251492
0.152217
0.6521
0.6521
0.826547
0.826547
0.826547
0.689159
0.689159
0.689159
0.242122
0.242122
0.375312
0.0779791
0.319263
0.319263
0.319263
0.504784
0.504784
1.23348
1.23348
1.00376
1.00376
0.199562
0.194602
0.194602
1.2091
0.616275
0.442622
0.265605
0.151449
0.0752445
0.0752445
0.300075
0.0975388
0.0975388
0.0975388
0.0975388
0.273048
0.273048
0.107692
0.395879
0.395879
0.395879
0.285937
0.371829
0.371829
0.194591
0.194591
0.194591
0.194591
0.48718
0.442632
0.442632
0.260317
0.260317
0.130828
0.532534
0.532534
0.215799
0.618061
0.171703
0.171703
0.392971
0.392971
0.392971
0.392971
0.101868
0.732327
0.114166
0.137471
0.285249
0.273949
0.27823
0.0564722
0.31177
0.359216
0.298512
0.298512
0.80656
0.80656
0.80656
0.110896
0.251291
0.251291
0.251291
0.251291
0.134734
0.134734
0.134734
0.218395
0.207489
0.0929972
0.282611
0.282611
0.103355
0.580366
0.580366
0.406715
0.406715
0.841236
0.840736
0.840736
0.840736
0.840736
0.840736
0.440471
0.440471
0.0199981
0.34826
0.487489
0.487489
0.449217
0.308085
0.428794
1.055
1.055
1.055
0.196541
0.765057
0.0933552
0.0933552
0.15928
0.15928
0.229715
0.287702
0.776014
0.776014
0.202499
0.79354
0.79354
0.79354
0.352295
0.331248
0.209081
0.185696
0.0329769
0.486457
0.202754
0.254464
0.300826
0.300826
0.334632
0.334632
0.334632
0.334632
0.334632
0.461829
0.297717
0.204652
0.204652
0.0878064
0.484003
0.0917996
0.0917996
0.0917996
0.0917996
0.0917996
0.23387
0.23387
0.23387
0.433447
0.537489
0.131443
0.45822
0.45822
0.138847
0.614699
0.10363
0.10363
0.10363
0.160826
0.160826
0.319365
0.319365
0.319365
1.23019
0.350664
0.350664
0.350664
0.146347
0.556272
0.556272
0.556272
0.4637
0.557653
0.557653
0.444103
0.252639
0.252639
0.341473
0.341473
0.295771
0.295771
0.313012
0.313012
0.313012
0.313012
0.313012
0.144701
0.409602
0.409602
0.409602
0.00972995
0.285611
0.188153
0.516099
0.516099
0.516099
1.01202
0.311
0.579111
0.579111
0.579111
0.231027
0.231027
0.231027
0.231027
0.188066
0.188066
0.188066
0.188066
0.188066
0.314112
0.188482
0.478703
0.478703
0.917087
0.917087
0.590911
0.989878
0.225595
1.29003
0.653286
0.268186
0.317814
0.317814
0.185729
0.230314
0.130192
0.130192
0.130192
1.26982
1.26982
0.322562
0.101775
0.619417
0.216936
0.216936
0.652295
0.139214
0.179414
0.179414
0.131974
0.131974
0.131974
0.250874
0.250874
0.250874
0.250874
0.030659
0.107538
0.112665
0.24995
0.24995
0.545974
0.321597
0.274471
0.319879
0.132954
0.363937
0.439038
0.279991
0.279991
0.102832
0.223633
0.443545
0.443545
0.443545
0.356386
0.227393
0.259884
0.259884
0.259884
0.297705
0.297705
0.297705
0.549745
0.549745
0.31374
0.31374
0.31374
0.18836
0.18836
0.0595132
0.0595132
0.364451
0.364451
0.364451
0.550915
0.073286
0.073286
0.073286
0.415773
0.89762
0.273846
0.273846
0.174862
0.37218
0.37218
0.511514
0.511514
0.508699
0.508699
0.118168
0.382108
0.382108
0.382108
0.22276
0.22276
0.413984
0.638704
0.638704
0.321672
0.361791
0.151661
1.21373
1.21373
0.261312
0.369281
0.155044
0.0942113
1.03789
0.378256
0.193469
0.193469
0.193469
0.193469
0.473628
0.0973481
0.259917
0.259917
1.15446
0.0425678
0.314661
0.312385
0.312385
0.932025
0.271367
0.271367
0.708134
0.0370262
0.0370262
0.134935
0.280522
1.33009
1.33009
0.332143
0.255001
0.255001
0.255001
0.255001
0.198206
0.249493
0.303303
0.286133
0.161017
0.161591
0.161591
0.161591
0.161591
0.347202
0.107425
0.357761
0.62583
0.0858773
0.0947247
0.0947247
0.0947247
0.130339
0.130339
0.130339
0.130339
0.207621
0.369068
0.174504
0.174504
0.11378
0.792858
0.0738083
0.187648
0.187648
0.250733
0.127543
0.127543
0.157905
0.157905
0.157905
0.507944
0.507944
0.507944
0.738811
0.444828
0.177604
0.0963252
0.354006
0.354006
0.130796
0.342703
0.63255
0.170724
0.141892
0.0446395
0.208507
0.494361
0.494361
0.329029
0.329029
0.329029
0.329029
0.362216
0.362216
0.739963
0.127636
0.101126
0.0863937
0.346397
0.206023
0.206023
0.206023
0.142268
0.142268
0.355655
0.612609
0.464008
0.0555043
0.0555043
0.0555043
0.375196
0.360294
0.138851
0.138851
0.155681
0.494372
0.494372
0.494372
0.494372
0.10278
1.21242
1.21242
0.323032
0.0526192
0.188059
0.143123
0.143123
0.0575398
0.348038
0.230951
0.230951
0.0868881
0.149065
0.278794
0.278794
0.278794
0.257318
0.257318
0.405737
0.0715209
0.0715209
0.13601
0.13601
0.536995
0.536995
0.536995
0.235322
0.235322
0.0889917
0.0889917
0.474499
0.117388
0.663988
0.663988
0.426718
0.304646
0.304646
0.514194
0.514194
0.268848
0.641738
0.0585157
0.172112
0.172112
0.172112
1.08196
1.08196
1.08196
1.08196
0.265903
0.265903
0.476913
0.476913
0.476913
0.247766
0.247766
0.247766
0.247766
0.247766
0.258394
0.11383
0.11383
0.140572
0.140572
1.09057
0.217249
1.24911
0.63265
0.385288
0.207912
0.454011
0.203114
0.0474816
0.0474816
0.291504
0.54386
0.382815
0.640534
0.640534
0.0710989
0.828986
0.322128
0.143234
0.143234
0.18881
0.18881
0.226018
0.226018
0.35313
0.5892
0.34202
0.580653
0.694486
0.694486
0.774538
0.774538
0.445437
0.445437
0.430866
0.430866
0.0591611
0.0591611
0.0591611
0.0591611
0.0591611
0.170826
0.170826
0.133448
0.133448
0.133448
1.69235
1.69235
0.968033
0.968033
0.968033
0.523105
0.523105
0.523105
0.523105
0.523105
0.198343
0.198343
1.57703
1.57703
0.185442
0.5476
0.5476
0.5476
0.210054
0.650742
0.360822
0.13112
0.379394
0.379394
0.379394
0.379394
0.111
0.111
0.195911
0.195911
0.241966
0.241966
0.241966
0.143754
0.399319
0.265201
0.0582326
0.0275901
0.0275901
0.0275901
1.84836
1.84836
1.84836
1.84836
1.84836
0.20985
0.233057
0.233057
0.233057
0.233057
0.531753
0.373488
0.0855432
0.0855432
0.0855432
0.573935
0.573935
0.165542
0.159705
0.0630594
0.25272
0.25272
0.226485
0.110318
0.186819
0.186819
0.553766
0.15205
0.12337
0.12337
0.12337
0.2713
0.29941
0.29941
0.0744781
0.230534
0.230534
0.846635
0.846635
0.846635
0.0459906
0.231067
0.231067
0.245356
0.245356
0.232799
0.32296
0.0421859
0.0421859
0.0421859
0.374889
0.156447
0.295193
0.295193
0.295193
0.295193
0.117513
0.117513
0.117513
0.46224
0.251018
0.390152
0.643617
0.643617
0.643617
0.643617
0.643617
0.45638
0.45638
0.45638
0.203419
0.203419
0.203419
0.0860126
0.788428
0.788428
0.499569
0.172985
0.556795
0.556795
0.556795
1.08762
0.218622
0.752178
0.752178
0.12256
0.12256
0.169694
0.382251
0.263665
0.363186
0.184078
0.067399
0.067399
0.067399
0.0582881
1.27496
1.27496
0.301003
0.301003
0.100661
0.100661
0.0525485
0.624393
0.564336
0.245052
0.238074
0.137643
0.143207
0.143207
0.143207
0.143207
0.143207
0.143207
1.21497
1.21497
1.21497
0.23977
0.904583
0.904583
0.268534
0.268534
0.268534
0.0863616
0.090636
0.230722
0.230722
0.230722
0.215297
0.215297
0.170311
0.170311
0.170311
0.170311
0.896021
0.896021
0.0275169
0.0275169
0.0594059
0.240239
0.240239
0.240239
0.705184
0.705184
0.446205
0.152995
0.100586
0.0935089
0.0935089
0.347233
0.347233
0.0866889
0.0866889
0.361591
0.510645
0.365259
0.365259
0.2497
0.273443
0.290578
0.290578
0.178917
0.178917
0.178917
0.36854
0.204783
0.108113
0.108113
0.769202
0.769202
0.769202
0.036886
0.036886
0.217171
0.45736
0.45736
0.268242
0.141805
0.141805
0.141805
0.141805
0.141805
0.125021
0.598344
0.184646
0.214921
0.153795
0.153795
0.177013
0.336993
0.336993
0.336993
0.275454
0.275454
0.275454
0.275454
0.580499
0.28499
0.28499
0.0473225
0.538419
0.538419
0.283389
0.366255
0.366255
0.218472
0.259377
0.0682213
0.106265
0.50334
0.50334
0.50334
0.50334
0.50334
0.360885
0.274203
0.274203
0.311348
0.122542
0.767227
0.51019
0.176531
0.35217
0.35217
0.253162
0.253162
0.0663254
0.390774
0.390774
0.390774
0.390774
0.289367
0.289367
0.242406
0.154233
0.154233
0.0872145
0.0872145
0.0872145
0.193545
0.635948
0.175575
0.249252
0.371084
0.597126
0.135439
0.135439
0.135439
0.135439
0.246905
0.246905
0.246905
0.350481
0.647402
0.159466
0.159466
0.159466
0.510978
0.218508
0.309443
0.309443
0.997218
0.997218
0.997218
0.249833
0.0513318
0.130222
0.130222
0.678997
0.678997
0.39867
0.39867
0.275117
0.275117
0.307484
0.307484
0.119446
0.119446
0.119446
0.119446
1.21264
1.21264
1.21264
1.21264
0.173831
0.385014
0.399324
0.399324
0.582556
0.6431
0.6431
0.6431
0.6431
0.6431
0.6431
0.6431
0.484387
0.484387
0.194188
0.194188
0.323808
0.398388
0.398388
0.398388
0.398388
0.398388
0.369415
0.2852
0.753219
0.305871
0.305871
0.305871
0.154414
0.154414
0.154414
0.664417
0.263196
0.263196
0.263196
0.263196
0.262129
0.245322
0.245322
0.245322
0.948247
0.948247
0.428442
0.428442
0.20764
0.370739
0.807143
0.807143
0.421393
0.421393
0.942168
0.140316
0.140316
0.0833645
0.294244
0.294244
0.294244
0.294244
0.294244
0.294244
0.294244
0.294244
0.294244
0.294244
0.294244
0.294244
0.131966
0.416659
0.125439
0.125439
0.949292
0.949292
0.688004
0.127702
0.0533907
0.0533907
0.0533907
0.0533907
0.669544
0.669544
0.321144
0.713433
0.713433
0.431683
0.108427
0.162875
0.162875
0.0373915
0.0373915
0.0373915
0.787996
0.424734
0.340601
0.264683
0.264683
0.111012
0.362631
0.233926
0.286502
0.286502
0.286502
0.286502
0.286502
0.286502
0.192347
0.534807
0.534807
0.534807
0.238597
0.0139065
0.0139065
0.0139065
0.139157
0.167322
0.167322
0.174309
1.4727
0.127247
0.118674
0.0833185
0.0833185
0.328397
0.328397
0.4781
0.4781
0.11087
0.487897
0.487897
0.487897
0.186982
0.469707
0.469707
0.469707
0.469707
0.111821
0.111821
0.26427
0.152989
0.152989
0.152989
0.152989
0.178537
0.237189
0.237189
0.237189
0.39413
0.39413
0.811135
0.0642007
0.327725
0.217776
0.217776
0.390616
0.12318
0.12318
0.12318
0.499069
0.129636
0.129636
0.0925584
0.113799
0.998677
0.257095
0.257095
0.108467
0.108467
0.00515988
0.00515988
0.1852
0.1852
0.1852
0.257114
0.811391
0.811391
0.811391
0.811391
0.811391
0.811391
0.399131
0.0673138
0.271263
0.271263
0.271263
0.448012
0.148869
0.822904
0.822904
0.822904
0.822904
0.822904
0.386351
0.448299
0.448299
0.448299
0.448299
0.448299
0.546548
0.20207
0.20207
0.26923
0.26923
0.26923
0.714088
0.457948
0.457948
0.457948
0.0561248
0.653664
0.653664
0.402071
0.402071
0.968105
0.225697
0.0914633
0.0914633
0.524742
0.242067
0.236462
0.230422
0.0253107
0.0253107
0.225693
0.416747
0.416747
0.510434
0.600376
0.18958
0.18958
0.18958
0.41839
0.405683
0.405683
0.271716
0.183778
0.243803
0.243803
0.243803
0.243803
0.460628
0.363007
0.579294
0.579294
0.146116
0.146116
0.146116
0.146116
0.377479
0.201224
0.245649
0.867648
0.867648
0.867648
0.116784
0.1399
0.181341
0.275278
0.275278
0.0938138
0.771435
0.0131645
0.565445
0.0988757
0.483215
0.196273
0.114088
1.38432
1.38432
1.38432
1.38432
1.38432
0.0529287
0.0529287
0.0529287
0.0529287
0.0743742
0.260047
0.260047
0.331728
0.919648
0.919648
0.2226
0.2226
0.2226
0.2226
0.2226
0.2226
0.2226
0.611453
0.611453
0.331533
0.481558
0.0464547
0.224807
0.0642681
0.350592
0.350592
0.350592
0.350592
0.350592
0.114567
0.591581
0.516393
0.34171
0.946533
0.946533
0.946533
0.946533
0.760069
0.095119
0.316771
0.250778
0.379847
0.379847
0.197169
0.197169
0.0668944
0.332985
0.332985
0.263536
0.593604
0.32592
0.32592
0.105602
0.452064
0.452064
0.687415
0.687415
0.460449
0.460449
0.460449
0.384442
0.384442
0.384442
0.0630591
0.13573
0.190671
0.190671
0.481374
0.430853
0.270443
0.175585
0.435633
0.435633
0.292573
0.534961
0.534961
0.534961
0.0496615
0.682857
0.682857
0.538866
0.538866
0.538866
0.176371
0.0917863
0.0917863
0.0917863
0.0917863
0.740373
0.115299
0.518306
0.518306
0.518306
0.149595
0.149595
0.149595
0.454128
0.0786729
0.325982
0.187243
0.0433513
0.0433513
0.0433513
0.38722
1.3932
1.3932
0.622576
0.22243
0.420118
0.180781
0.206878
0.273016
0.273016
0.302658
0.302658
0.397904
0.397904
0.397904
0.397904
0.397904
0.397904
0.28902
0.303971
0.303971
0.153584
0.153584
0.307186
0.172079
0.621807
0.621807
0.126798
0.126798
0.396568
0.396568
0.116476
1.31923
1.31923
0.801749
0.801749
0.801749
0.123191
0.43137
0.43137
0.43137
0.43137
0.43137
0.43137
0.43137
0.43137
0.43137
0.43137
0.259352
0.259352
0.259352
0.259352
0.184032
0.585943
0.585943
0.374793
0.374793
0.858141
0.858141
0.362989
0.0895765
0.0895765
0.233084
0.233084
0.233084
0.233084
0.233084
0.198489
0.414068
0.414068
0.240717
0.904939
0.492863
0.702455
0.0322499
0.0322499
0.0322499
0.341266
0.341266
0.341266
0.23976
0.23976
0.23976
0.23976
0.456984
0.228857
0.187417
0.187417
0.139018
0.514232
0.514232
0.238809
0.238809
0.275815
0.347921
0.347921
0.260142
0.260142
0.202381
0.202381
0.447226
0.447226
0.33474
0.33474
0.33474
0.33474
0.457574
0.457574
1.05245
1.05245
0.241399
0.241399
0.908512
0.908512
0.459306
0.24115
0.24115
0.24115
0.24115
0.572543
0.417954
0.267843
0.267843
0.259424
0.274241
0.274241
0.504973
0.305054
0.506623
0.32745
0.086942
0.203003
0.202303
0.202303
0.202303
0.477123
0.477123
0.477123
0.477123
0.331605
0.326801
0.312949
0.759037
0.759037
0.759037
0.759037
0.759037
0.36321
0.163828
0.13572
0.13572
0.242157
0.203215
0.561113
0.561113
0.247851
0.247851
0.247851
0.247851
0.247851
0.247851
0.247851
0.247851
0.247851
0.204302
0.274783
0.223164
0.223164
0.223164
0.133323
0.599474
0.599474
0.599474
0.119329
0.486418
1.01089
1.01089
1.01089
0.36033
0.36033
0.295462
0.295462
0.295462
0.457193
0.158397
0.188546
0.47601
0.100447
0.100447
1.78468
0.304036
0.21591
0.21591
0.21591
0.21591
0.74629
0.196546
0.196546
0.474591
0.236697
0.117838
0.335816
0.706171
0.876912
0.876912
0.322323
0.0614918
0.347218
0.783759
0.326106
0.112699
0.920041
0.362912
0.246957
0.246957
0.246957
0.505656
0.164653
0.193599
0.0266073
0.0266073
0.0266073
0.575247
0.0678932
0.0678932
0.0678932
0.306947
0.306947
0.306947
0.306947
0.0602165
0.389161
0.283006
0.272361
0.272361
0.168688
0.721117
0.721117
0.721117
0.472667
0.115517
0.894202
0.347606
0.347606
0.347606
0.583914
0.168381
0.168381
0.168381
0.168381
0.168381
0.168381
0.168381
1.02381
0.236527
0.236248
0.393837
0.099805
0.153887
0.153887
0.153887
0.153887
0.277744
0.464106
0.435076
0.253573
0.371269
0.371269
0.319999
0.319999
0.588628
0.176145
0.688223
0.45483
0.638109
0.217636
0.217636
0.174833
0.486861
0.300575
0.644885
0.644885
0.644885
0.644885
0.644885
0.644885
0.140956
0.140956
0.140956
0.0827606
0.285953
0.178404
0.390927
0.390927
0.390927
0.282658
0.259289
0.233492
0.233492
0.139273
0.28994
0.182791
0.0396383
0.316773
0.281667
0.281667
0.281667
0.281667
0.354118
0.354118
0.174302
0.478428
0.412922
0.412922
0.275991
0.275991
0.656977
0.386483
0.386483
0.583707
0.583707
0.583707
0.583707
0.583707
0.425354
0.452394
0.416476
1.55661
1.55661
1.55661
0.232861
0.13947
0.275287
0.275287
0.930106
0.253574
0.139281
0.452519
0.135961
0.135961
0.766837
0.0842839
0.732694
0.194838
0.779485
0.779485
0.483468
0.483468
0.103872
0.103872
0.103872
0.242306
0.170014
0.170014
0.231183
0.537672
0.537672
0.220336
0.561487
0.561487
0.371222
0.371222
0.160189
0.0580031
0.230925
0.439688
0.439688
0.311884
0.106013
0.106013
0.467744
0.171896
0.345327
0.458262
0.458262
0.458262
0.458262
0.458262
0.458262
0.458262
0.458262
0.267084
0.170619
0.170619
0.170619
0.0575488
0.331561
0.838468
0.168172
0.168172
0.168172
0.325146
0.244493
0.244493
0.646478
0.646478
0.169798
0.169798
0.103339
0.103339
0.126087
0.045713
0.045713
0.755221
0.482221
0.528132
0.528132
0.528132
0.504089
0.485451
0.485451
0.485451
0.728613
0.455649
0.0955062
0.512681
0.593863
0.403186
0.403186
0.109479
0.234292
0.0833338
0.0833338
0.0833338
0.249246
0.249246
0.249246
0.139684
0.037719
0.113892
0.23348
0.23348
0.204837
0.204837
0.193124
0.193124
0.193124
0.171168
0.464845
0.145035
0.376445
0.179991
0.179991
0.179991
0.573607
0.573607
0.254559
0.379416
0.0856371
0.273891
0.240303
0.342641
0.231166
0.66418
0.66418
0.436839
0.37596
0.137703
0.177279
0.154591
0.154591
0.154591
0.542292
0.10832
0.2629
0.2629
0.643235
0.606215
0.606215
0.606215
0.230948
0.16647
0.16647
0.650285
0.650285
0.204183
0.0858227
0.332897
0.332897
0.50118
0.120728
0.212961
0.0895688
0.0895688
0.0895688
0.0895688
0.248255
0.248255
0.113561
0.401065
0.664503
0.664503
0.664503
0.026034
0.026034
0.232779
0.271271
0.172649
0.228174
0.0569975
0.0503319
0.786716
0.786716
0.786716
0.786716
0.699982
0.699982
0.242309
0.23893
0.23893
0.409309
0.409309
0.32097
0.340516
0.746731
0.746731
0.746731
0.674471
0.280676
0.280676
0.636183
0.139887
0.532211
0.532211
0.532211
0.532211
0.824559
0.046987
0.271474
0.664403
0.664403
0.664403
0.252732
0.137485
0.298869
0.167002
0.658139
0.658139
0.0753455
0.0753455
0.357173
0.550277
0.233781
0.266856
0.266856
0.266856
0.266856
0.143084
0.620352
0.620352
0.213858
0.213858
0.442255
0.106576
0.0539727
0.0971042
0.0971042
0.0971042
0.0971042
0.801293
0.145798
0.145798
0.277424
0.277424
0.277424
0.272956
0.560172
0.560172
0.560172
0.560172
0.261978
0.261978
0.14701
0.194016
0.106414
0.106414
0.0819647
0.110498
0.6911
0.6911
0.6911
0.398682
0.398682
0.398682
0.398682
0.42686
0.0528859
0.119222
0.294948
0.682296
0.494137
0.354651
0.313771
0.313771
0.789539
0.355424
0.355424
0.60932
0.374182
0.205942
0.205942
0.205942
0.147226
0.147226
0.147226
0.147226
0.147226
0.428271
0.727231
0.727231
0.727231
0.727231
0.378938
0.392223
0.358829
0.358829
0.358829
0.358829
0.358829
0.358829
0.263165
0.0859144
0.369347
0.369347
0.198094
0.198094
0.423909
0.201574
0.266597
0.561844
0.28226
0.28226
0.341702
0.399255
0.399255
0.399255
0.107486
0.55961
0.55961
0.55961
0.534724
0.248042
0.0551565
0.403593
0.403593
0.403593
0.403593
0.0560685
0.0560685
0.0560685
0.184551
1.04438
0.331664
0.196431
0.196431
0.581601
0.741285
0.741285
0.72827
0.120078
0.120078
0.120078
0.120078
0.0835416
0.362378
1.02131
0.234352
0.502415
0.171938
0.171938
0.171938
0.102812
0.481456
0.481456
0.276801
0.107105
0.107105
0.127709
0.127709
0.127709
0.196865
0.196865
0.196865
0.196865
0.196865
0.196865
0.196865
0.351967
0.351967
0.351967
0.43282
0.168784
0.180666
0.180666
0.180666
0.180666
0.195839
0.529272
0.407097
0.453328
0.453328
0.0966872
0.0966872
0.0966872
0.0966872
0.338142
0.0938699
0.0938699
0.0938699
0.545899
0.307676
0.307676
0.226142
0.537194
0.297537
0.297537
0.297537
0.872568
0.209387
0.307964
0.307964
0.307964
1.15308
1.15308
1.15308
0.802649
0.127641
0.127641
0.127641
0.0835965
0.891922
0.891922
0.891922
0.253955
0.253955
0.253955
0.253955
1.0692
1.0692
0.593508
0.593508
0.593508
0.593508
0.976369
0.180598
0.180598
0.180598
0.277176
0.81893
0.81893
0.529646
0.271097
0.271097
0.0878526
0.0878526
0.301685
0.301685
0.123865
0.745059
0.150496
0.601083
0.601083
0.405463
0.20932
0.0698921
0.0698921
0.179095
0.22797
1.00009
1.00009
0.924751
0.700637
0.418027
0.508845
0.508845
0.508845
0.219988
0.0898012
0.0898012
0.22899
0.22899
0.22899
0.023148
0.364887
0.364887
0.364887
0.15989
0.15989
0.15989
0.651849
0.651849
0.235946
0.31772
0.232844
0.232844
0.232844
0.219702
0.219702
0.978067
0.636016
0.178234
0.15683
0.333491
0.0588697
0.0588697
0.209454
0.335772
0.335772
0.335772
0.34191
0.192512
0.236843
0.236843
0.252049
0.726161
0.726161
0.726161
0.604361
0.264778
0.257368
0.309374
0.309374
0.309374
0.309374
0.309374
0.213482
0.491271
0.62714
0.62714
0.62714
0.456273
0.856674
0.149093
0.339888
0.167996
0.167996
0.167996
0.167996
0.509303
0.163084
0.228351
0.228351
0.228351
0.175587
0.0832086
0.135295
0.135295
0.0821845
0.475286
0.427386
0.145759
0.977951
0.977951
0.350213
0.350213
0.399463
0.399463
0.119912
0.364258
0.364258
0.364258
1.11501
1.11501
0.114243
0.114243
0.565849
0.565849
0.296571
0.296571
0.0691655
1.78863
0.162383
0.174806
0.358174
0.358174
1.33911
0.163623
0.387984
0.387984
0.387984
0.387984
0.387984
0.387984
0.211794
0.675555
0.492343
0.0322822
0.383174
0.0601808
0.125866
0.13142
0.547769
0.547769
0.216221
0.216221
0.374859
0.69576
0.69576
0.443165
0.443165
0.113623
0.113623
0.0916569
0.543075
0.543075
0.543075
0.155424
0.155424
0.155424
0.0887871
0.0887871
0.0887871
0.625953
0.922131
0.0831686
0.401916
0.229863
0.229863
0.667605
0.517223
0.294154
0.294154
0.208934
0.208934
0.208934
0.208934
0.0468678
0.197906
0.197906
0.197906
0.314985
0.484677
0.484677
0.175113
0.0781853
0.0781853
0.838354
0.30601
0.30601
0.0653892
0.0653892
0.249896
0.151425
0.213948
0.816729
0.816729
0.954073
0.279239
0.190537
0.190537
0.190537
0.109141
0.109141
0.288049
0.216037
0.216037
0.0962597
0.236339
0.236339
0.236339
0.313242
0.313242
0.250098
0.250098
0.0645065
0.0645065
0.22036
0.0794901
0.395232
0.395232
0.158863
0.158863
0.770367
0.770367
0.770367
0.4543
0.4543
0.4543
0.941785
0.205068
0.205068
0.581645
0.196259
0.552494
0.490164
0.880408
0.880408
0.259715
0.282103
0.0778956
0.0778956
1.16537
0.13156
0.334365
0.547498
0.547498
0.547498
0.547498
0.0985968
0.30142
0.30142
0.30142
0.280942
0.280942
0.280942
0.0989009
0.592805
1.06456
1.06456
1.06456
1.06456
1.06456
0.433235
0.433235
0.0989233
0.274128
0.274128
0.274128
0.274128
0.170637
1.11691
0.330089
0.301732
0.374428
0.455664
0.205657
0.522561
0.522561
1.08781
0.495725
0.509719
0.449821
0.449821
0.449821
0.408969
0.408969
0.232278
0.232278
0.315433
0.456749
0.139137
0.139137
0.128439
0.128439
0.128439
0.258606
0.204121
0.204121
0.241318
0.191577
0.217334
0.357938
0.248886
0.248886
0.248886
0.555792
0.781197
0.687312
0.687312
0.382161
0.382161
0.0884195
0.084925
0.263721
0.527954
0.527954
0.133331
0.0973322
0.80321
0.80321
0.42233
0.361734
0.361734
0.287477
0.287477
0.287477
0.0977166
0.0977166
0.118905
0.683826
0.121526
0.121526
0.121526
0.360904
0.360904
0.218958
0.212519
0.401901
0.401901
0.401901
0.401901
0.401901
0.401901
0.346564
0.595898
0.595898
0.0912569
0.256321
0.145697
0.324375
0.324375
0.668328
0.32398
0.517306
0.517306
0.517306
0.517306
0.013015
0.194732
0.366366
0.366366
0.700058
0.101221
0.101221
0.469029
0.171168
0.171168
0.288819
0.288819
0.198922
0.198922
0.134347
0.613398
0.613398
0.613398
0.613398
0.613398
1.06556
0.149498
0.149498
0.271463
0.104803
0.104803
0.104803
0.367437
0.367437
1.42382
0.0865019
0.380111
0.254681
0.254681
0.110303
0.110303
0.110303
0.038954
0.0286798
0.445891
0.499169
0.536204
0.0229131
0.41984
0.41984
0.41984
0.41984
0.525382
0.135555
0.135555
0.415517
0.415517
0.415517
0.154131
0.13059
0.13059
0.13059
0.48542
0.816804
0.104183
0.161865
0.3161
0.273067
0.273067
0.273067
0.799882
0.799882
0.799882
0.321725
0.321725
0.321725
0.321725
0.138932
0.182388
0.66528
0.66528
0.66528
0.910789
0.910789
0.199112
0.121705
1.01317
1.01317
1.01317
1.01317
1.01317
0.22908
0.22908
0.346945
0.160649
0.160649
0.39757
0.39757
0.39757
0.39757
0.226038
0.226038
0.226038
0.226038
0.22811
0.192223
0.192223
0.192223
0.192223
0.340251
0.459811
0.459811
0.459811
0.459811
0.867399
0.391991
0.391991
0.391991
0.0555515
0.0765703
0.442865
0.650239
0.650239
0.650239
0.129168
0.248033
0.328113
0.33295
0.33295
0.549301
0.685531
0.685531
0.282224
0.826611
0.611988
0.611988
0.0885436
0.0885436
0.0885436
1.75946
0.117223
0.117223
0.629182
0.152561
0.514913
0.514913
0.486943
0.486943
0.327101
1.23432
1.23432
0.720303
0.720303
0.720303
0.720303
0.720303
0.720303
0.224843
0.142626
0.092341
0.092341
0.230423
0.230423
0.637504
0.389791
0.396252
0.408814
0.668282
0.668282
0.292063
0.160799
0.160799
0.127438
0.127438
0.11932
0.11932
0.265502
0.316669
0.316669
0.296239
0.296239
0.519959
0.13287
0.13287
0.13287
0.24331
0.352992
0.352992
0.352992
0.474443
0.139618
0.193605
0.317966
0.317966
0.52025
0.218302
0.836011
0.167748
0.167748
0.167748
0.167748
0.728876
0.728876
0.728876
0.101648
0.206736
0.243175
0.389381
0.389381
0.139342
0.322471
0.322471
0.0947221
0.707835
0.108211
0.0501707
0.0501707
0.712692
0.538683
0.556338
0.556338
0.374
0.200281
0.44371
0.44371
0.44371
0.2238
0.0748115
0.0748115
0.264365
0.248026
0.258991
0.539455
0.161901
0.161901
0.680139
0.680139
0.680139
0.43041
0.357137
0.309561
0.316565
0.635579
0.648842
0.314266
0.169351
0.169351
0.169351
0.169351
0.170897
0.149573
0.247569
0.247569
0.117188
0.117188
0.117188
0.272532
0.22805
0.22805
0.287763
0.245088
0.349192
0.349192
0.349192
0.0990748
0.19855
0.19855
1.11872
0.63586
0.413642
0.653156
0.653156
0.653156
0.653156
0.112446
0.255873
0.255873
0.706487
0.706487
0.706487
0.103746
0.272074
0.272074
0.123253
0.317835
0.317835
0.344194
0.344194
0.104247
0.992732
0.21329
0.150723
0.150723
0.150723
0.29437
0.403988
0.403988
0.0491944
0.0491944
0.0491944
0.197403
0.183877
0.753654
0.753654
0.753654
0.753654
0.753654
0.753654
0.0979658
1.01202
1.01202
1.01202
0.141855
0.379138
0.379138
0.367749
1.2243
1.2243
1.2243
0.398569
0.398569
0.398569
0.485669
0.529378
0.529378
0.153208
0.0496024
0.0496024
0.0496024
0.0481043
0.329585
0.107784
0.107784
0.107784
0.170959
0.185536
0.291609
0.291609
0.291609
0.291609
0.24403
0.24403
0.24403
0.296507
0.296507
0.296507
0.296507
0.119604
0.26434
0.26434
0.254486
0.254486
0.254486
0.576027
0.386277
0.386277
0.386277
0.16884
0.611057
0.169819
0.169819
0.760077
0.211131
0.321171
0.896935
0.32117
0.32117
0.32117
0.170808
0.170808
0.170808
0.0752434
0.0752434
0.0752434
0.0752434
0.0752434
0.400357
0.400357
0.400357
0.700718
0.700718
0.700718
0.700718
0.268085
0.268085
0.268085
0.268085
0.268085
0.268085
0.440135
0.188158
0.148376
0.189039
0.267552
0.14499
0.233807
0.233807
0.233807
0.0702961
0.0702961
0.292815
0.292815
0.292815
0.292815
0.292815
0.795024
0.795024
0.795024
0.401264
0.401264
0.401264
0.214237
0.0679617
0.348543
0.239028
0.239028
0.445628
0.480162
0.414763
0.912602
0.18344
0.875486
0.165543
0.165543
0.0963326
0.415752
0.415752
0.415752
0.415752
0.0697858
0.0697858
0.148399
0.320696
0.0792182
0.0792182
0.167999
0.167999
0.160519
0.227067
0.303715
0.303715
0.303715
0.257414
0.0292863
0.0292863
0.0164656
0.0164656
1.3884
0.297304
0.183454
0.772066
0.273351
0.273351
0.173877
0.279652
0.0481379
0.0481379
0.0481379
0.762831
0.421638
0.421638
0.421638
0.213549
0.19759
0.279518
0.105686
0.286058
0.286058
0.235025
0.235025
0.354295
0.351826
0.0511258
0.0511258
0.0511258
0.139471
0.0776035
0.270358
0.443867
0.88815
0.88815
0.564733
0.564733
0.564733
0.331935
0.331935
0.331935
0.153141
0.153141
0.403298
0.403298
1.37196
0.00144374
0.00144374
0.317006
0.26522
0.26522
0.26522
0.0577091
0.261287
0.261287
0.420437
0.349537
0.603136
0.405162
0.786406
0.102239
0.119475
0.123772
0.140873
0.509041
0.112711
0.295595
0.295595
0.077068
0.528475
0.223659
0.0979304
0.0979304
0.0979304
0.10367
0.231191
0.973305
0.973305
0.973305
0.256622
0.307576
0.168584
0.168584
0.168584
0.168584
0.168584
0.168584
0.692243
0.205257
0.205257
0.803628
0.119701
0.119701
0.119701
0.119701
0.119701
0.869405
0.869405
0.869405
0.869405
0.461801
0.461801
0.407669
0.407669
0.407669
0.474881
0.102503
0.102503
0.500158
0.516033
0.760559
0.760559
0.231008
0.231008
1.65857
0.332544
0.601644
0.601644
0.601644
0.329197
0.224217
0.388527
0.309356
0.309356
1.06135
0.503497
0.192277
0.192277
0.194445
0.962159
0.344236
0.375012
0.375012
0.375012
0.375012
0.375012
0.375012
0.375012
0.252603
0.633931
0.225183
0.225183
0.0596411
0.488997
0.488997
0.488997
0.488997
0.591764
0.45153
0.495539
0.436786
0.436786
0.436786
0.0607336
0.200164
0.14404
0.503889
0.124559
0.652449
0.117746
0.117746
0.117746
0.137842
0.137842
0.280216
1.40533
0.65351
0.320814
0.0818573
0.0818573
0.0337452
0.0337452
0.323643
0.323643
0.323643
0.0629233
0.331821
0.331821
0.331821
0.197957
0.209329
0.160032
0.0553213
0.45787
0.298057
0.298057
0.447841
0.447841
0.447841
0.0775225
0.564351
0.564351
0.0555926
1.1062
0.572972
0.624961
0.384346
0.384346
0.384346
0.129649
0.129649
0.129649
0.386382
0.386382
0.476613
0.274899
0.274899
0.47562
0.491032
0.491032
0.491032
0.491032
0.789522
1.40386
1.40386
0.234985
0.107719
0.431793
0.406298
0.406298
0.0677717
0.133128
0.203521
0.203521
0.203521
0.915364
0.216829
0.216829
0.205
0.213728
0.213728
0.439097
0.523514
0.523514
0.265099
0.0673313
0.473682
0.473682
0.473682
0.473682
0.511428
0.511428
0.398017
0.191551
0.47957
0.408971
0.408971
0.369867
0.405625
0.0737958
0.127696
0.127696
0.18964
0.18964
0.071626
0.071626
0.293433
0.524281
0.524281
0.524281
0.513124
0.513124
0.513124
0.382491
0.382491
0.382491
0.296319
0.296319
0.296319
0.329646
0.555087
1.18204
1.18204
0.00670026
0.0994114
1.3058
1.3058
0.104737
0.188549
0.188549
0.0768358
0.460345
0.0480026
0.145024
0.145024
0.145024
0.072989
0.0635232
0.0635232
0.389044
0.562131
0.182332
0.0909658
0.179657
0.179657
0.557575
0.557575
0.035332
0.035332
0.035332
0.149602
1.14375
1.14375
0.212756
0.583768
0.826383
0.225835
0.167972
0.0502957
0.218946
0.218946
0.233817
0.251555
0.601871
0.601871
0.435767
0.69468
0.353311
0.353311
0.866436
0.866436
0.487553
0.487553
0.487553
0.487553
0.966914
0.0602718
0.131
0.0478794
0.201186
0.387614
0.270185
0.679149
0.679149
0.679149
0.679149
0.415893
0.543406
0.123674
0.123674
0.606265
0.606265
0.632732
0.277753
0.508609
0.474915
0.0572574
0.562004
0.0695139
0.131985
0.127848
0.127848
0.127848
0.127848
1.2476
1.2476
0.258692
0.421317
0.487612
0.487612
0.487612
1.03374
1.03374
1.03374
0.139169
0.167554
0.146962
0.380023
0.411448
0.306728
1.38652
0.222779
0.181676
0.181676
0.113078
0.0497417
0.168099
0.168099
0.168099
0.564433
0.761116
0.761116
0.761116
0.761116
0.761116
0.822854
0.32244
0.451584
0.476142
0.476142
0.169661
0.169661
0.103238
0.241399
0.0695293
0.0695293
0.0609562
0.768496
0.768496
0.197041
0.197041
0.197041
0.163183
0.163183
0.163183
0.163183
0.262463
0.330527
0.330527
0.144949
0.325949
0.325949
0.325949
0.325949
0.325949
0.325949
0.325949
0.325949
0.249348
0.161988
0.819289
0.819289
0.819289
0.819289
0.184009
0.184009
0.311643
0.495753
0.0987079
0.248877
0.248877
0.248877
0.248877
0.354212
0.354212
0.354212
0.354212
0.798694
0.798694
0.798694
0.217736
0.0975944
0.0975944
0.275722
0.275722
0.275722
0.275722
0.267244
0.267244
0.267244
0.579489
0.579489
0.315822
0.146258
0.213044
0.104485
0.141846
0.285951
0.152022
0.152022
0.0200068
0.0200068
0.234521
0.234521
0.181429
0.0775955
0.0775955
0.0775955
0.0775955
0.0844396
0.427929
0.427929
0.427929
0.427929
0.15556
0.15556
0.15556
0.15556
0.15556
0.15556
0.345895
0.360481
0.360481
0.0974811
0.065645
0.191783
0.191783
0.122717
0.174546
0.280686
0.280686
0.280686
0.074623
0.137449
0.137449
0.137449
0.313484
0.367328
0.209831
0.443362
0.443362
0.443362
0.443362
0.443362
0.443362
0.226018
0.226018
0.0564491
0.308616
0.308616
0.308616
0.320971
0.293018
0.252307
0.294124
0.441385
0.441385
0.441385
0.308069
0.263914
0.0665538
0.150093
0.769206
0.190717
0.386992
0.0474518
0.090633
0.243438
0.152954
0.300097
0.153554
0.153554
0.153554
0.153554
0.499435
0.499435
0.236347
0.236347
0.822112
0.822112
1.80185
0.2087
0.2087
0.2087
0.2087
0.2087
1.14676
0.118774
0.318323
0.318323
0.373579
0.645761
0.718049
0.583319
0.781953
1.81237
1.81237
1.81237
1.81237
1.81237
0.156912
0.858745
0.858745
0.858745
0.30746
0.244322
0.439983
0.439983
0.744742
0.20076
0.20076
0.0520273
0.0520273
0.250314
0.344635
0.344635
0.344635
0.111391
0.293859
0.293859
0.293859
0.293859
0.293859
0.205254
0.205254
0.0794142
0.12759
0.863624
0.356513
0.396369
0.396369
0.155366
0.155366
0.155366
0.138656
0.162958
0.162958
0.340264
0.340264
0.340264
0.148073
0.148073
0.220142
0.220142
0.252386
0.252386
0.252386
0.307092
0.96838
0.96838
0.188643
0.292677
0.292677
0.596786
0.492295
0.492295
0.492295
0.100937
0.100937
0.398078
0.578083
0.711956
0.711956
0.711956
0.38439
0.38439
0.288555
0.655819
0.493085
0.493085
0.493085
0.493085
0.150099
0.222781
0.222781
0.190145
0.516726
1.08478
1.08478
0.793246
0.793246
0.158269
0.296864
0.159973
0.559395
0.169187
0.239966
0.299094
0.359409
0.366882
0.366882
0.381205
0.381205
0.381205
0.381205
0.15601
0.291451
0.251401
0.251401
0.251401
0.312711
0.0799158
1.00756
0.16844
0.16844
0.16844
0.151159
0.888617
0.136095
0.13164
0.13164
0.464587
0.464587
0.224294
0.139044
0.139044
0.0543415
0.104643
0.104643
0.0776967
0.0776967
0.0776967
0.0727412
0.0727412
0.0727412
0.0727412
0.0727412
0.205082
0.205082
0.180219
0.509584
0.509584
0.509584
0.216984
0.216984
0.42656
0.42656
0.749125
0.749125
0.0953664
0.222599
0.222599
0.222599
0.522174
0.522174
0.522174
0.117275
0.163294
0.714426
0.151886
0.151886
0.422112
0.422112
0.422112
0.386661
0.386661
0.139105
0.139105
0.0450338
0.667321
0.175852
0.356552
0.0737398
0.657801
0.657801
0.178436
0.387349
0.387349
0.387349
2.22589
0.478511
0.478511
0.116304
0.967572
0.967572
0.967572
0.967572
0.105345
0.386696
0.317828
0.0707856
0.271748
0.111046
0.307053
0.375771
0.470483
0.470483
0.211561
0.211561
0.166192
0.166192
0.167605
0.925068
0.925068
0.205923
0.949886
0.949886
0.336167
0.336167
0.938706
0.938706
0.938706
0.301338
0.301338
0.67371
0.211832
0.146473
0.327933
0.204856
0.204856
0.204856
0.204856
0.204856
0.204856
0.204856
0.410601
0.160564
0.440833
0.440833
1.0079
0.0754464
0.267257
0.267257
0.0907178
0.46312
0.46312
0.692447
0.681517
0.681517
0.681517
0.858098
0.0541847
0.0541847
0.0541847
0.0541847
0.242354
0.242354
0.242354
0.242354
0.242354
0.479805
0.234353
0.234353
0.234353
0.528252
0.155595
0.155595
0.59907
0.59907
0.227798
0.329523
0.502274
0.0612274
0.424414
1.03297
0.320635
0.28489
0.20422
0.104841
0.104841
0.520851
0.233714
0.650515
0.242599
0.0826387
0.372322
0.372322
0.292347
0.302033
0.135415
0.253798
0.0945154
0.0945154
0.352001
0.352001
0.32501
0.32501
0.552935
0.230741
0.388888
0.388888
0.388888
0.388888
0.388888
0.388888
0.121673
0.216454
0.184871
0.54891
0.54891
0.54891
0.54891
0.54891
0.54891
0.372698
0.372698
0.125796
0.135451
0.135451
0.0909439
0.0909439
0.0909439
0.316701
0.316701
0.316701
1.36096
1.36096
1.36096
0.207583
0.207583
0.792822
0.444289
0.188032
0.188032
0.133145
0.133145
0.281853
0.281853
0.344797
0.344797
0.38186
0.193755
0.180164
0.180164
0.109022
0.109022
0.109022
0.761594
0.478397
0.207931
0.234825
0.190654
1.04887
0.134555
0.539382
0.539382
0.407949
0.407949
1.26134
0.230382
0.230382
0.136741
0.136741
0.13392
0.13392
0.13392
0.372776
0.372776
0.564072
0.564072
0.17989
0.17989
0.0679438
0.0693019
1.14971
0.253659
0.093743
0.195679
0.147615
0.272459
0.272459
0.272459
0.167837
0.167837
0.17854
0.17854
1.55272
0.15745
0.218234
0.37329
0.506733
0.308297
0.24061
0.48166
0.356427
0.356427
1.05052
1.05052
0.279895
0.279895
0.279895
0.754675
0.20488
0.121042
0.121042
0.121042
0.121042
0.490047
0.204458
0.204458
0.47924
0.47924
0.47924
0.192952
0.192952
0.630296
0.520035
0.733736
0.733736
0.29004
0.557813
1.30471
1.30471
1.30471
1.30471
1.30471
0.177904
0.303675
0.287994
0.397341
0.397341
0.397341
0.19431
0.19431
0.269305
0.165548
0.165548
0.165548
0.165548
0.165548
0.523
0.22108
0.128462
0.399191
0.474148
0.474148
1.37277
1.37277
0.539086
0.188084
0.188084
0.188084
0.124334
0.116537
0.116537
0.116537
0.317454
0.317454
0.0803249
0.576827
0.0767062
0.640729
0.640729
0.0930969
0.0930969
0.663086
0.614368
0.208407
0.359348
0.381361
0.63573
0.63573
0.0271395
0.0271395
0.0271395
0.319963
0.651863
0.147322
0.0784813
0.603112
0.317761
0.301176
0.301176
0.437121
0.437121
0.437121
0.437121
0.2536
0.155086
0.465933
0.0976175
0.0976175
0.0976175
0.394058
0.394058
0.160354
0.825984
0.260923
0.599227
0.210531
0.210531
0.150017
0.0243434
0.108567
0.108567
0.0999525
0.0500632
0.405803
0.229517
0.176656
0.176656
0.26511
0.110208
0.110208
0.110208
0.110208
0.260399
0.937284
0.937284
0.439953
0.145616
0.145616
0.145616
0.103025
0.103025
0.103025
0.103025
0.189375
0.189375
0.575627
0.0525474
0.229627
0.976878
0.976878
0.976878
0.0820771
0.644254
0.322268
0.322268
0.0821758
0.0821758
1.25764
0.495609
0.283912
0.228849
0.228849
0.0802397
0.0802397
0.131933
0.400821
0.400821
0.400821
0.400821
0.548321
0.220604
0.39187
0.39187
0.387951
0.201846
0.201846
0.141992
0.755213
0.263965
0.263965
0.314361
0.314361
0.121393
0.121393
0.121393
0.0653909
0.0653909
0.0653909
0.0653909
0.125911
0.125911
0.339192
0.681656
0.23288
0.246332
0.396489
0.381939
0.119044
0.119044
0.779037
0.118954
0.118954
0.0462885
0.698497
0.698497
0.698497
0.313293
0.394706
0.394706
0.275931
0.275931
0.442516
0.149556
0.149556
0.149556
0.460463
0.0940264
0.0940264
0.0940264
0.0940264
0.175926
0.175926
0.157258
0.251929
0.500134
0.500134
0.172655
0.313174
0.246944
0.0736994
0.0736994
0.0736994
0.302211
0.374429
0.374429
0.374429
0.374429
0.374429
0.374429
0.162115
0.162115
0.162115
0.103014
0.0929245
0.0929245
0.0889122
0.0889122
0.597002
0.138614
0.0624387
0.88094
0.137634
0.137634
0.137634
0.262412
0.472786
0.869956
0.0103181
0.662736
0.662736
0.662736
0.285899
0.182585
0.182585
0.0652688
0.170301
0.915381
0.915381
0.915381
0.915381
0.295183
0.654117
0.654117
0.155657
0.28762
0.28762
0.011746
0.011746
0.975809
0.369775
0.142051
0.175407
0.175407
0.221328
0.770347
0.708675
0.241538
0.241538
0.245886
0.245886
0.245886
0.374169
0.406606
0.406606
0.406606
0.722272
0.722272
0.315479
0.238981
0.116506
0.219081
0.218842
0.220331
0.220331
0.220331
0.610248
0.610248
0.610248
0.610248
0.610248
1.13843
1.13843
1.13843
0.547537
0.441244
0.247735
0.247735
0.287397
0.287397
0.0200258
0.0200258
0.47841
0.47841
0.188633
0.188633
0.188633
0.188633
0.145473
0.145473
0.0632341
0.0632341
1.06718
1.06718
0.29641
0.116397
0.116397
0.116397
0.183545
0.183545
0.183545
0.183545
0.327975
0.327975
0.505114
0.191243
0.207909
0.167286
0.433523
0.433523
0.433814
0.433814
0.141988
0.282035
0.264444
0.264444
0.0936872
0.301568
0.126954
0.41509
0.506265
0.506265
0.438682
0.534465
0.534465
0.579694
0.165977
0.615571
0.615571
0.196115
0.4873
0.4873
0.104423
0.128926
0.589728
0.589728
0.390955
0.0594878
0.28539
0.28539
0.536489
1.10317
0.0682826
0.0682826
0.0682826
0.440042
0.440042
0.440042
0.167297
0.167297
0.361248
0.361248
0.361248
0.361248
0.361248
0.256697
0.308272
0.113535
0.440143
0.440143
0.100536
0.228351
0.228351
0.171295
0.367887
0.402416
0.0652946
0.412172
0.649934
0.818291
0.230657
0.230657
0.14136
0.14136
0.14136
0.14136
0.14136
0.14136
0.14136
0.240704
0.155024
0.155024
0.0977289
0.915116
0.810015
0.403304
0.545264
0.280364
0.169461
0.924027
1.01408
0.344832
0.780977
0.336577
0.336577
0.336577
0.618856
0.618856
0.467997
0.381292
0.158751
0.113339
0.113339
0.429376
0.270743
0.281249
0.281249
0.535437
0.535437
0.535437
0.535437
0.393131
0.246889
0.358644
0.358644
0.358644
0.301892
0.301892
0.808113
0.0601487
0.782555
0.697868
0.697868
0.398951
0.398951
0.164356
0.164356
0.164356
0.314051
0.314051
1.57425
1.57425
1.81564
0.931084
0.931084
0.177821
0.177821
0.168162
0.190296
0.247534
0.247534
0.327126
0.327126
0.327126
0.304634
0.690304
0.690304
0.690304
0.297761
0.216245
0.216245
0.216245
0.216245
0.127213
0.127213
0.127213
0.191681
0.296882
0.117823
0.3686
0.325646
0.351608
0.626225
0.626225
0.626225
0.949082
0.46297
0.131985
0.00712155
0.396347
0.364828
0.327285
0.327285
0.327285
0.501146
0.501146
0.0579497
0.0579497
0.541645
0.79018
0.276556
0.26317
0.101934
0.311971
0.161881
0.12596
0.127939
0.858632
0.858632
0.0576887
0.0576887
0.0576887
0.189272
0.189272
0.361805
0.095892
0.262705
0.262705
0.115221
0.115221
0.461295
0.590466
0.590466
0.365364
0.654525
0.310085
0.399562
0.834762
0.245757
0.245757
0.266961
0.266961
0.266961
0.266961
0.266961
0.110286
0.12507
0.12507
0.12507
0.12507
0.189831
0.189831
0.328997
0.144063
0.18637
0.517546
0.302416
0.302416
0.401273
0.401273
0.170511
0.445828
0.445828
0.355566
0.204006
0.25982
0.514173
0.404562
0.404562
0.131377
0.131377
0.0144644
0.0144644
0.12613
0.12613
0.12613
0.192049
0.192049
0.134332
0.706668
0.706668
0.706668
0.706668
0.185962
0.185962
0.167624
0.167624
0.414393
0.414393
0.414393
0.346185
1.10623
0.0801557
0.22074
0.166154
0.166154
0.487152
0.324938
0.232222
0.173578
0.171649
0.257807
1.17465
0.292317
0.129675
0.21705
0.808419
0.808419
0.281567
0.373221
0.230528
0.230528
0.230528
0.360765
0.757882
0.285654
0.488861
0.359873
1.05218
1.05218
1.05218
0.313289
0.313289
0.514916
0.130249
0.342174
0.342174
0.145026
0.230638
0.307333
0.48245
0.48245
0.10315
0.226288
1.33669
1.33669
1.33669
1.33669
0.160537
0.160537
0.160537
0.160537
0.194298
0.864672
0.23939
0.467043
0.239633
0.0885701
0.351738
0.701466
0.460746
0.460746
0.154732
0.659696
0.193739
0.193739
0.193739
0.193739
0.405538
0.0406712
0.912035
0.309504
0.309504
0.309504
0.309504
0.103298
0.422631
0.264114
0.264114
0.762694
0.496572
0.496572
0.133983
0.133983
0.726016
0.161633
0.206429
0.495361
0.495361
0.310367
0.265104
0.187271
0.187271
0.187271
0.187271
0.187271
0.0925797
0.0925797
0.0925797
0.0925797
0.133484
0.155704
0.495251
0.143353
0.143353
0.251677
0.152575
0.152575
0.339263
0.339263
0.372588
0.424727
0.389238
0.0308091
0.0308091
0.405236
0.405236
0.405236
0.405236
0.757794
0.163222
0.0873222
0.289932
0.289932
0.235856
0.349203
0.231816
0.33552
0.33552
0.568777
0.0465702
0.0465702
0.087186
0.087186
0.087186
0.591827
0.591827
0.344692
0.344692
0.193897
0.193897
0.193897
0.193897
0.193897
0.461162
0.461162
0.0571761
0.322696
0.322696
0.269001
0.269001
0.133707
0.268004
0.286778
0.495935
0.765354
0.202506
0.202506
0.202506
0.0509766
0.0509766
0.366054
0.300041
0.300041
0.300041
0.0860373
0.500395
0.676605
0.41542
0.523819
0.523819
0.523819
0.523819
0.523819
0.246496
0.409083
0.153513
0.153513
0.36558
0.36558
0.577178
0.181846
0.229927
0.281864
0.232287
0.0719335
0.180438
0.180438
0.256704
0.256704
0.27109
0.190793
1.29866
1.29866
0.427878
0.427878
0.427878
0.427878
0.81464
0.81464
0.294428
0.294428
0.179488
0.0421726
0.505065
0.756471
0.497724
0.497724
0.662516
0.662516
0.717871
0.45453
0.45453
0.45453
0.202884
0.29797
1.17755
1.17755
1.17755
0.297416
0.297416
0.471389
0.123307
0.351855
0.351855
0.351855
0.241767
0.241767
0.289684
0.289684
0.733441
0.654706
0.713369
0.293838
0.293838
0.293838
0.293838
0.0948478
0.544585
0.544585
0.620147
0.174283
0.174283
0.174283
0.442252
0.442252
0.442252
0.442252
0.178304
0.178304
0.552721
1.11588
0.325395
0.240023
0.240023
0.352079
0.352079
0.352079
0.352079
1.11615
0.135422
0.185715
0.356449
0.279609
0.542774
0.542774
0.376892
0.376892
0.235389
0.235389
0.35054
0.35054
0.0951269
0.406814
0.339565
0.254582
0.254582
0.273888
0.273888
0.273888
0.0993204
0.0286579
0.13437
0.342721
0.342721
0.499983
0.326518
0.186335
0.243162
0.246347
0.0496776
0.136973
0.136973
0.226674
0.226674
0.512099
0.0982464
0.0982464
0.183857
0.265533
0.265533
0.265533
0.15233
0.15233
0.0690281
0.19225
0.19225
0.164865
0.116234
0.22912
0.374338
0.374338
0.664141
0.786158
0.601335
0.601335
0.104386
0.104386
1.23273
0.215464
0.0782692
0.0797233
0.412371
0.412371
0.40974
0.665801
0.665801
0.283992
0.205137
0.396299
0.448503
0.448503
0.537327
0.105192
0.156638
0.127766
0.42436
0.42436
0.412683
0.169213
0.169213
0.169213
0.372801
0.372801
0.372801
0.0402918
0.0402918
0.251497
0.425987
0.507875
0.507875
0.507875
0.15123
0.210837
0.250632
0.250632
0.133947
0.133947
0.320392
0.15578
0.15578
0.210268
0.422682
0.367219
0.285329
0.285329
0.285329
0.793887
0.793887
0.793887
0.232416
0.900213
0.900213
0.900213
0.900213
0.900213
0.625438
0.625438
0.625438
0.625438
0.400963
0.400963
0.400963
0.239684
0.0236521
0.206322
0.206322
0.067449
0.382796
0.135983
0.244117
0.244117
0.710245
0.710245
0.710245
0.0784156
0.0784156
0.0784156
0.331903
0.361489
0.213009
0.250355
0.434713
0.304694
0.267166
0.459002
0.459002
0.377205
0.423517
0.437076
0.0832559
0.713925
0.142662
0.142662
0.142662
0.142662
0.142662
0.142662
0.207072
0.247335
0.205885
0.205885
0.31321
0.31321
0.187919
0.555458
0.555458
0.609145
0.609145
0.904368
0.616347
0.757655
1.63035
0.375653
0.130804
0.130804
0.529098
0.529098
0.0455217
0.209626
0.209626
0.209626
0.209626
0.209626
0.368751
1.2038
0.819319
0.819319
0.120625
0.42004
0.356823
0.356823
0.302786
0.302786
1.07043
1.07043
0.562103
0.562103
0.167086
0.167086
0.855093
0.226747
0.276417
0.276417
0.386791
0.386791
0.405039
0.300715
0.312415
0.266814
0.180084
0.38365
0.262439
0.273177
0.183412
0.142919
0.556601
0.556601
0.556601
0.556601
0.513946
0.513946
0.513946
0.513946
0.386135
0.386135
0.386135
0.16667
0.054355
0.054355
0.492725
0.727198
0.580045
0.580045
0.113738
0.113738
0.238565
0.575804
0.209219
0.209219
0.131399
0.131399
0.131399
0.779966
0.127354
0.39488
0.316004
0.837853
0.315245
0.315245
0.432533
0.432533
0.371413
0.953374
0.953374
0.378117
0.192176
0.192176
0.0578903
0.0578903
0.912964
0.18477
0.578006
0.535678
0.177441
0.310254
0.11277
0.0344602
0.0344602
0.0344602
0.610977
0.610977
0.184706
0.184706
0.608469
0.608469
0.608469
0.496925
0.496925
0.229695
0.229695
0.18937
0.235635
0.640983
0.169487
0.339929
0.339929
0.127469
0.764609
0.0912725
0.0912725
0.0912725
0.432314
1.33416
1.33416
1.33416
1.33416
0.0317661
0.182544
0.182544
0.41489
0.161721
0.0544297
0.0544297
0.399895
0.388085
0.0788361
0.0788361
0.0788361
0.0788361
0.383193
0.232284
0.0199871
0.123246
0.123246
0.0910922
0.0910922
0.0910922
0.0631827
0.0631827
0.456142
0.371629
0.371629
0.150121
0.0564751
0.574097
0.204594
0.83178
0.697032
0.194138
0.194138
0.194138
0.194138
0.160544
0.286222
0.991516
0.991516
0.235462
0.235462
0.541412
0.936389
0.261255
1.45097
0.801294
0.395436
0.263074
0.226397
0.128622
0.128622
0.128622
0.235746
0.235746
0.235746
0.324354
0.324354
0.324354
0.199569
0.199569
0.299262
0.0918712
0.0918712
0.0918712
0.55656
0.568263
0.247133
0.247133
0.572857
0.572857
0.572857
0.0792254
0.0792254
0.156719
0.478965
0.298312
0.348552
0.348552
0.222779
0.19208
0.19208
0.405608
0.405608
0.405608
1.10785
1.10785
0.119657
0.490548
0.490548
0.161096
0.62329
1.05274
1.05274
0.569505
0.220239
0.183938
0.183938
0.183938
0.366635
0.366635
0.366635
0.281658
0.281658
0.637535
0.0779366
0.757887
0.143161
0.143161
0.245765
0.673813
0.126401
0.126401
0.210127
0.110139
0.291942
0.463586
0.433662
0.433662
0.433662
0.94499
0.94499
0.94499
0.436717
0.10089
0.10089
0.10089
0.0492571
0.0601533
0.232498
0.232498
0.326477
0.326477
0.542652
0.70543
0.70543
0.120339
0.120339
0.120339
0.403655
0.191214
0.191214
1.0104
0.340731
0.140224
0.53654
0.13833
0.13833
0.13833
0.241206
0.348114
0.348114
0.348114
0.341656
0.218991
0.423755
0.423755
0.0395545
0.501152
0.501152
0.501152
0.247305
0.247305
0.29906
0.29906
0.29906
0.507622
0.242445
0.373182
0.373182
0.373182
0.187354
0.187354
0.534535
0.0737995
0.0875698
0.132939
0.21231
0.21231
0.295354
0.295354
0.295354
0.191882
0.0591995
0.302112
0.255711
0.107357
0.107357
0.569722
0.643127
0.812068
0.852647
0.168076
0.168076
0.168076
0.523664
0.523664
0.523664
0.523664
0.523664
0.523664
0.2308
0.270336
0.246621
0.358636
0.358636
0.167114
0.0422934
0.236711
0.322721
0.322721
0.322721
0.375731
0.933989
0.751142
0.266625
0.266625
0.266625
0.266625
0.345535
0.345535
0.0494994
0.0494994
0.0494994
0.321651
0.321651
0.322528
0.264144
0.264144
0.365912
0.567806
0.567806
0.567806
0.198048
0.198048
0.731687
0.731687
0.65446
0.166824
0.219628
0.600561
0.592456
0.0893761
0.0893761
1.3607
0.283058
0.196944
0.408647
0.408647
0.408647
0.408647
0.201732
0.322418
0.080908
0.619382
0.535728
0.535728
0.150357
0.150357
0.150357
0.588688
0.195807
0.123509
0.161009
0.798063
0.307293
0.307293
1.07866
1.07866
1.07866
0.297901
0.297901
0.297901
0.147719
0.147719
0.147719
0.200364
0.0832193
0.151466
0.0494058
0.532467
0.549969
0.0824379
0.0581417
0.343765
0.207414
0.291059
0.291059
0.110259
0.305748
0.305748
0.305748
0.305748
0.305748
0.305748
0.445285
0.445285
0.445285
0.0882966
0.0882966
0.359342
0.11782
0.579599
0.165082
0.619119
0.104157
0.551088
0.551088
0.402685
0.402685
0.402685
0.402685
0.402685
0.402685
1.31623
0.313953
0.0967982
0.0967982
0.357243
0.357243
0.40827
0.40827
0.40827
0.150678
0.150678
0.150678
0.975753
0.975753
0.130475
0.244914
0.244914
0.244914
0.244914
0.19469
0.19469
0.372169
0.64817
0.925851
0.925851
0.335487
0.335487
0.399889
0.399889
0.399889
0.313362
0.111445
0.713571
0.713571
0.713571
0.513853
0.513853
0.513853
0.513853
0.536524
0.324066
0.324066
0.324066
0.324066
0.238633
0.202288
0.268884
0.268884
