0.0622166
0.0202538
0.0857899
0.0422245
0.517655
0.115256
0.54545
0.451025
0.0798566
0.111914
0.114653
0.033596
0.028459
0.12159
0.0921716
0.102509
0.102943
0.0449725
0.135448
0.052117
0.177852
0.808365
0.0193744
0.133856
0.127301
0.0523096
0.0467892
0.0385385
0.0612309
0.0157032
0.0668414
0.0759186
0.346822
0.174613
0.389505
0.0238808
0.0750496
0.0257934
0.0181706
0.506233
0.602359
0.0379601
0.0249391
0.322887
0.205558
0.31681
0.228873
0.605197
0.188546
0.0561192
0.0593442
0.455259
0.0446505
0.0832268
0.0421562
0.722108
0.0352379
0.317072
0.112598
0.41174
0.763825
0.183256
0.128402
0.127763
0.295363
0.231252
0.0840683
0.0356452
0.033457
0.0338544
0.107422
0.363137
0.528539
0.132281
0.0236587
0.127485
0.128762
0.0189214
0.238032
0.0257445
0.078214
0.0301202
0.065844
0.0374008
0.0238207
0.0809898
0.241591
0.166444
0.508599
0.0585341
0.0179862
0.0677075
0.294612
0.235738
0.0930514
0.352476
0.276775
0.0337365
0.209826
0.321929
0.780348
0.0244483
0.083266
0.0156277
0.222078
0.13818
0.0386684
0.328905
0.103069
0.0501744
0.386837
0.263161
0.122423
0.577419
0.0647221
0.0996728
0.362834
0.64322
0.218347
0.304177
0.167068
0.0242656
0.174671
0.0767356
0.31176
0.448675
0.0845898
0.0275926
0.0970851
0.0478728
0.0611833
0.106748
0.0383707
0.542737
0.752201
0.198079
0.454304
0.0485169
0.160949
0.0882645
0.0648347
0.0289772
0.0560821
0.0211417
0.0597928
0.0298499
0.069297
0.0276104
0.226857
0.669666
0.387792
0.276724
0.52859
0.478619
0.163019
0.0651037
0.0489839
0.0254268
0.123078
0.38948
0.180678
0.071131
0.0478225
0.0366778
0.0325166
0.0354893
0.570881
0.0453083
0.0877625
0.117393
0.090535
0.0417803
0.140037
0.221362
0.186633
0.130059
0.0213821
0.322088
0.15163
0.212615
0.0693573
0.315567
0.764334
0.0256736
0.0488049
0.219712
0.0636236
0.0838405
0.047019
0.291366
0.345892
0.0158333
0.0444914
0.546426
0.0743222
0.210039
0.070512
0.418528
0.757861
0.106003
0.0377435
0.0232461
0.350628
0.0282389
0.0928886
0.317074
0.101659
0.113803
0.0270351
0.0190426
0.520134
0.0606965
0.442076
0.207544
0.238193
0.110295
0.068459
0.364967
0.0845071
0.0388514
0.623005
0.258642
0.0175344
0.0919088
0.014373
0.0336932
0.0493523
0.35479
0.0729364
0.0837858
0.0362764
0.133553
0.04697
0.34206
0.0818498
0.166915
0.0237974
0.180693
0.0621038
0.31158
0.121818
0.282276
0.164989
0.0671801
0.251197
0.0244807
0.0241685
0.114205
0.086375
0.0281698
0.224723
0.0289461
0.136697
0.0364175
0.0523455
0.0332459
0.199452
0.0148419
0.0508328
0.0248914
0.234841
0.77617
0.162617
0.289695
0.0555716
0.15969
0.3593
0.0772138
0.717266
0.556419
0.209321
0.585245
0.0167217
0.0647831
0.0735098
0.0491918
0.0806264
0.158787
0.10328
0.0218275
0.314398
0.105419
0.380003
0.249473
0.015656
0.13647
0.445264
0.0937608
0.0353873
0.134592
0.0563999
0.181447
0.210918
0.287097
0.354108
0.0451695
0.128792
0.0546091
0.0402631
0.250376
0.37998
0.22287
0.0517025
0.0506773
0.0946087
0.0523902
0.114118
0.440599
0.275434
0.101729
0.0449738
0.127754
0.0221382
0.0263
0.126988
0.36177
0.0843527
0.0169479
0.692129
0.407033
0.104521
0.467262
0.243201
0.198009
0.287322
0.0941065
0.0418731
0.120995
0.075781
0.250096
0.0599907
0.0629365
0.137231
0.134968
0.0443984
0.0361278
0.0637102
0.45936
0.0784358
0.0387491
0.0562459
0.0395851
0.106273
0.351874
0.0587072
0.123881
0.0179011
0.175758
0.128512
0.247248
0.049663
0.160847
0.226626
0.119733
0.0464381
0.0333438
0.301202
0.161906
0.140234
0.316874
0.134395
0.192692
0.438307
0.198582
0.48923
0.0163237
0.0534186
0.30145
0.0182581
0.0951365
0.162586
0.0277361
0.103163
0.0387925
0.0856131
0.0200915
0.0389447
0.0852018
0.388849
0.0360451
0.107169
0.180399
0.134285
0.376909
0.0834056
0.198737
0.296021
0.682313
0.0951111
0.378608
0.106356
0.0519206
0.203825
0.0815511
0.610695
0.276475
0.196904
0.0401625
0.246412
0.17711
0.0463928
0.570544
0.114981
0.0779734
0.21693
0.386478
0.314981
0.123619
0.0682438
0.118913
0.188941
0.256429
0.0317121
0.362626
0.0914863
0.600444
0.038774
0.0741737
0.111754
0.616847
0.0759368
0.362889
0.301513
0.668897
0.425971
0.0707065
0.722809
0.0378728
0.280481
0.0318636
0.141258
0.141376
0.0322462
0.252916
0.116638
0.016115
0.123288
0.128721
0.176676
0.0389334
0.329541
0.212884
0.0501818
0.14555
0.0768574
0.0142399
0.411946
0.0273358
0.122007
0.0415183
0.115356
0.392017
0.209792
0.228389
0.105769
0.0256363
0.0172933
0.642684
0.0260845
0.0850587
0.0670069
0.557942
0.213133
0.710134
0.0844104
0.0342523
0.0135626
0.231911
0.0482641
0.0285527
0.25598
0.0703622
0.0397317
0.285385
0.296037
0.165887
0.0356931
0.169041
0.0260003
0.104567
0.763154
0.543385
0.407783
0.0401932
0.0940591
0.0174258
0.10772
0.435632
0.0758269
0.0926107
0.232445
0.0468098
0.197154
0.266699
0.143334
0.169436
0.0906549
0.239013
0.0217596
0.0924675
0.145984
0.225212
0.275362
0.584754
0.0435013
0.0817614
0.112502
0.0274205
0.231371
0.21334
0.141381
0.208316
0.0763614
0.263012
0.269152
0.0305967
0.028134
0.11242
0.15499
0.050845
0.0828068
0.0461356
0.0571691
0.026924
0.0204083
0.0372434
0.210892
0.214086
0.0141654
0.138877
0.134748
0.0664861
0.294552
0.0376988
0.486904
0.0405132
0.190223
0.180843
0.13087
0.312987
0.0724421
0.0317479
0.175111
0.158925
0.254416
0.0322324
0.0502594
0.151195
0.0512292
0.0189508
0.0983586
0.0966224
0.0274346
0.22935
0.0414522
0.0187967
0.0767202
0.148168
0.334689
0.0318783
0.0862192
0.0280247
0.0997582
0.0189482
0.0438073
0.0340494
0.31096
0.218147
0.364727
0.0550828
0.440067
0.16416
0.443288
0.0580455
0.119136
0.187265
0.0597965
0.0667218
0.185751
0.295748
0.0832649
0.135135
0.142753
0.0297012
0.0331071
0.025452
0.113956
0.0878323
0.383693
0.0223179
0.0679314
0.129659
0.0779186
0.0698799
0.0905831
0.0681064
0.0609537
0.0223822
0.0183408
0.053773
0.0889431
0.168459
0.346408
0.347043
0.0235037
0.0665288
0.197142
0.0733485
0.0355656
0.27174
0.108044
0.332167
0.0823089
0.0893982
0.175298
0.0507013
0.0975629
0.340366
0.321942
0.0312849
0.31336
0.0957863
0.137056
0.270408
0.658439
0.017209
0.231019
0.108121
0.0986451
0.190108
0.0517263
0.503348
0.0580091
0.311444
0.670185
0.235117
0.0402914
0.086768
0.474096
0.0619759
0.245824
0.0667762
0.0326727
0.0211927
0.415422
0.17298
0.0202893
0.0290004
0.0437902
0.200485
0.152176
0.268466
0.0213206
0.0830737
0.057445
0.0384063
0.297204
0.0860622
0.0977172
0.375078
0.127915
0.204133
0.195642
0.110558
0.0422057
0.115888
0.0999978
0.204249
0.374445
0.299575
0.0283606
0.0256547
0.0600158
0.0256459
0.42209
0.083861
0.289565
0.273358
0.0270819
0.0426752
0.624901
0.115529
0.246925
0.257942
0.102181
0.29751
0.0208859
0.0911746
0.0916791
0.399482
0.0836077
0.0695599
0.200644
0.384712
0.0322392
0.283492
0.330113
0.223954
0.092019
0.0329867
0.392957
0.0228604
0.136441
0.0195366
0.0341573
0.308796
0.321244
0.23875
0.0187292
0.114827
0.168739
0.142402
0.144024
0.0530187
0.0335835
0.0942032
0.052805
0.11627
0.0184502
0.179241
0.177077
0.0581246
0.147227
0.120469
0.0796935
0.331338
0.0799066
0.11494
0.034584
0.252915
0.192688
0.189944
0.352293
0.0976662
0.0158449
0.03266
0.256033
0.24589
0.545193
0.0176024
0.420185
0.335126
0.0430788
0.0582772
0.0627217
0.179846
0.363313
0.455813
0.0387073
0.63765
0.123843
0.279445
0.0464025
0.265702
0.223414
0.0847419
0.440638
0.0351278
0.595343
0.0255739
0.0370204
0.147272
0.243752
0.0328401
0.0211921
0.0806422
0.223754
0.119515
0.259183
0.106484
0.275459
0.0899909
0.103169
0.620158
0.304861
0.186834
0.0381334
0.254321
0.361701
0.126342
0.0175909
0.0144719
0.0656695
0.232306
0.14474
0.0202725
0.260185
0.112453
0.0950036
0.166559
0.0163643
0.0266596
0.0452448
0.0772678
0.308197
0.0290611
0.143568
0.786797
0.418639
0.810262
0.235487
0.125997
0.0233157
0.223596
0.146842
0.0210202
0.467672
0.161473
0.107836
0.04879
0.0306649
0.145307
0.210904
0.0360523
0.743981
0.157077
0.244684
0.742754
0.149036
0.245809
0.224712
0.0196364
0.376683
0.031965
0.326148
0.180932
0.0156259
0.0305105
0.0184968
0.0310179
0.0687786
0.106107
0.153117
0.0519549
0.0389054
0.017372
0.354615
0.10461
0.0205404
0.41655
0.164695
0.014343
0.299813
0.0241669
0.0233718
0.213401
0.158364
0.446386
0.152369
0.218762
0.132978
0.0167257
0.0423542
0.195331
0.254693
0.0391539
0.347582
0.256601
0.0711585
0.487452
0.0834271
0.163812
0.13219
0.0571607
0.0375233
0.157875
0.157966
0.203317
0.0620092
0.207931
0.107078
0.0466795
0.127244
0.281512
0.323628
0.224768
0.0147209
0.300976
0.193592
0.480754
0.10478
0.108857
0.0729838
0.026841
0.394165
0.0900976
0.0218758
0.120932
0.45577
0.0288002
0.0385855
0.363611
0.108662
0.0262061
0.200242
0.0320308
0.188725
0.286459
0.080806
0.349699
0.377883
0.0769364
0.0372091
0.548446
0.415995
0.131392
0.123195
0.0402309
0.246713
0.0916288
0.0555549
0.188094
0.284054
0.0729947
0.0461584
0.217901
0.0472046
0.2062
0.152458
0.496546
0.196993
0.0555681
0.207821
0.0397893
0.339233
0.0438858
0.258281
0.0148312
0.0655361
0.0345153
0.0556276
0.0174151
0.130117
0.069659
0.0729222
0.0824366
0.131392
0.0845158
0.0769993
0.496663
0.0589365
0.0389761
0.0829336
0.0770987
0.175522
0.545803
0.0175452
0.0728721
0.064228
0.0266261
0.187941
0.148255
0.0756388
0.391087
0.319593
0.051091
0.138386
0.523391
0.276013
0.0417324
0.0486047
0.0203448
0.077461
0.0754694
0.0162931
0.0743027
0.0565498
0.0556851
0.136866
0.0244681
0.19017
0.16768
0.0408412
0.0164255
0.0539294
0.0491117
0.179319
0.0945627
0.118952
0.0269818
0.229026
0.0193712
0.022623
0.344263
0.148227
0.172185
0.272798
0.138378
0.171697
0.0327138
0.071125
0.0363915
0.0187842
0.658824
0.0476675
0.111705
0.171348
0.124453
0.452971
0.842392
0.0435249
0.253484
0.301028
0.271742
0.514236
0.347254
0.286816
0.17741
0.0196718
0.547797
0.0507952
0.183375
0.119552
0.0360971
0.0387104
0.0622444
0.0367812
0.160053
0.131982
0.376752
0.342087
0.116351
0.0480946
0.0458317
0.722183
0.0910075
0.0455265
0.0767643
0.0204891
0.212274
0.0931922
0.233525
0.1533
0.199584
0.0943699
0.22608
0.219976
0.337964
0.303388
0.118222
0.140107
0.0358367
0.342424
0.4161
0.314684
0.399906
0.262259
0.0406123
0.182863
0.0196415
0.0848867
0.145106
0.320656
0.293722
0.0440158
0.248683
0.089952
0.0831365
0.215229
0.0422756
0.212223
0.3936
0.625891
0.559519
0.122124
0.0510034
0.122957
0.168079
0.016205
0.437032
0.0484509
0.0293674
0.206433
0.086444
0.0731897
0.286087
0.151472
0.227122
0.0395778
0.0418468
0.29988
0.0704829
0.392499
0.04309
0.0152204
0.246547
0.0336329
0.0826607
0.090599
0.423298
0.0545078
0.314045
0.161248
0.29121
0.0440228
0.341842
0.0505017
0.138248
0.0323835
0.15294
0.155411
0.0287068
0.0494603
0.124929
0.0558166
0.0397018
0.145488
0.0497282
0.0419478
0.14685
0.0401562
0.0622522
0.425589
0.317259
0.0570468
0.224
0.0358055
0.209628
0.067131
0.0322352
0.0432486
0.197401
0.0338957
0.186336
0.0595733
0.11409
0.0542585
0.0648
0.0184935
0.177291
0.0664208
0.136365
0.0578592
0.0729451
0.167235
0.179971
0.039048
0.072741
0.0661832
0.0769454
0.0881968
0.156732
0.0372928
0.517625
0.0231975
0.0839449
0.42936
0.0213181
0.090723
0.226574
0.315245
0.0353814
0.10507
0.0399639
0.064922
0.0491755
0.183117
0.0578413
0.271765
0.652937
0.0180266
0.283429
0.0618131
0.570078
0.045774
0.183062
0.164914
0.0981079
0.0391373
0.0371924
0.0382999
0.0975367
0.0579003
0.0493557
0.022592
0.0503356
0.0419016
0.161006
0.13321
0.0469589
0.0464287
0.145293
0.0949687
0.21102
0.114337
0.148906
0.187583
0.0556722
0.0574416
0.198822
0.133555
0.0344405
0.152173
0.10946
0.105689
0.0983897
0.0724405
0.0464143
0.22723
0.436077
0.23533
0.0757083
0.0252155
0.18737
0.100246
0.0316933
0.0324076
0.111145
0.826834
0.0621577
0.309104
0.811806
0.0552329
0.213645
0.373981
0.124897
0.157309
0.192551
0.137592
0.791901
0.296971
0.081492
0.265417
0.165677
0.0608384
0.260444
0.412761
0.10737
0.198959
0.125328
0.358464
0.0455539
0.0726353
0.0313234
0.110948
0.0579339
0.236958
0.109651
0.122136
0.0357482
0.0423164
0.0857196
0.100278
0.0353916
0.216655
0.0250766
0.219939
0.112082
0.065589
0.0204783
0.275763
0.031174
0.0435037
0.0349383
0.319593
0.130318
0.107091
0.218909
0.0172013
0.0430773
0.0596607
0.45445
0.0833653
0.358289
0.120884
0.0431823
0.024704
0.489566
0.228485
0.0436841
0.38877
0.388429
0.0695423
0.0249642
0.0264691
0.123829
0.286134
0.0537143
0.047533
0.502433
0.0342649
0.0664909
0.228411
0.10914
0.0265016
0.197685
0.0467534
0.329647
0.0850403
0.0854602
0.628866
0.168126
0.0266205
0.134168
0.253371
0.19246
0.320659
0.126526
0.0508052
0.0367326
0.0166823
0.221552
0.151308
0.143497
0.118499
0.0364228
0.147102
0.0626213
0.0253189
0.157572
0.304185
0.0828281
0.324438
0.16409
0.110685
0.062874
0.0865514
0.390098
0.0598441
0.0707045
0.212119
0.0953177
0.175903
0.0468868
0.453047
0.0293613
0.373215
0.0909641
0.0265475
0.285429
0.136116
0.0162814
0.0742948
0.0277103
0.0192256
0.376793
0.07798
0.0564062
0.690928
0.146605
0.345098
0.0346913
0.268013
0.313646
0.0264039
0.0194734
0.0691201
0.280903
0.132102
0.514401
0.0725008
0.449213
0.0711346
0.0242066
0.0530171
0.0565155
0.0649647
0.124963
0.235263
0.0730808
0.014456
0.030056
0.0181076
0.0997752
0.025051
0.0902354
0.0191976
0.0898008
0.0273745
0.078452
0.205613
0.380888
0.184861
0.795941
0.166069
0.178603
0.137218
0.0267196
0.157487
0.0614477
0.248076
0.0227256
0.0258533
0.104566
0.107641
0.218599
0.445258
0.0909117
0.0516546
0.159023
0.0359551
0.0944439
0.0794281
0.0851758
0.530419
0.0506144
0.371064
0.273898
0.27532
0.0313464
0.0255252
0.0966982
0.562932
0.0449356
0.0427568
0.510313
0.0609618
0.22881
0.333665
0.0498348
0.282331
0.675733
0.106645
0.667327
0.0288197
0.0753649
0.0475101
0.0385705
0.198422
0.146227
0.157008
0.126695
0.146896
0.0774466
0.153697
0.219312
0.36192
0.0902385
0.0799019
0.0722117
0.256994
0.140298
0.536776
0.0918164
0.754269
0.023811
0.325687
0.266027
0.171819
0.0520304
0.147264
0.063706
0.0542397
0.0794813
0.0173341
0.343047
0.0199061
0.0194048
0.0580512
0.053355
0.623159
0.24472
0.225744
0.311343
0.0746616
0.0467413
0.0576958
0.186642
0.278989
0.717361
0.459045
0.632401
0.25885
0.189617
0.179978
0.0443516
0.429751
0.0640087
0.0601943
0.0340705
0.0275024
0.592464
0.140163
0.017424
0.148815
0.212291
0.136874
0.11454
0.196094
0.040429
0.0577062
0.274972
0.0873675
0.222027
0.016163
0.0272239
0.330967
0.107572
0.147116
0.258295
0.0526861
0.0532592
0.198522
0.574546
0.212151
0.147945
0.0635006
0.134335
0.0871137
0.0823401
0.17985
0.148074
0.04088
0.0507587
0.0246968
0.187295
0.104027
0.0803144
0.346928
0.320443
0.0364868
0.0760546
0.0563836
0.167778
0.202521
0.146898
0.18097
0.206479
0.0493168
0.120753
0.141792
0.52546
0.0473217
0.291715
0.0583234
0.425686
0.285641
0.0497304
0.34904
0.0635251
0.435074
0.261128
0.215874
0.134939
0.0377898
0.0226367
0.0718131
0.258625
0.0659806
0.0418906
0.206685
0.146896
0.1611
0.308508
0.161174
0.101599
0.166115
0.0545746
0.233604
0.11342
0.0879999
0.395405
0.160437
0.388656
0.170819
0.123344
0.0779055
0.0960245
0.0769384
0.142262
0.087596
0.306116
0.212093
0.598373
0.104998
0.735045
0.0168954
0.223658
0.47569
0.202594
0.0801259
0.0778993
0.266564
0.0951255
0.0772809
0.492726
0.0187661
0.315098
0.101927
0.107353
0.171939
0.0408579
0.482884
0.0724829
0.0745248
0.419527
0.0422961
0.0227097
0.0347051
0.0431622
0.131588
0.183762
0.0608052
0.606493
0.0789879
0.859639
0.184154
0.319683
0.0703553
0.100399
0.169166
0.195003
0.743004
0.157385
0.0817085
0.0351062
0.0817803
0.0216512
0.0779502
0.340177
0.217987
0.0768489
0.199734
0.175339
0.11947
0.0774945
0.0813484
0.0478628
0.0495518
0.232105
0.0542122
0.258675
0.484435
0.062133
0.447906
0.336421
0.144236
0.190772
0.210378
0.197612
0.804915
0.549086
0.0545574
0.0147413
0.126018
0.0227896
0.0409311
0.0922391
0.729961
0.223492
0.0148069
0.0489218
0.134528
0.169525
0.0795136
0.293046
0.0369084
0.183028
0.633358
0.134852
0.480388
0.128123
0.694808
0.30771
0.0421444
0.0155558
0.0720822
0.0284323
0.0339947
0.214994
0.251806
0.206446
0.0526078
0.0160365
0.183314
0.105739
0.604634
0.144712
0.369931
0.0674339
0.276637
0.103286
0.260443
0.159609
0.0241143
0.253301
0.0275312
0.0358149
0.0706646
0.149669
0.457495
0.404355
0.393668
0.104816
0.0617136
0.103532
0.0769276
0.0216777
0.149207
0.121583
0.0287193
0.144281
0.506848
0.154977
0.206915
0.33506
0.0231008
0.500066
0.0429006
0.0316402
0.0859875
0.109607
0.54424
0.360607
0.147073
0.221336
0.335452
0.256974
0.0286615
0.689862
0.226327
0.142206
0.0473503
0.114271
0.0212217
0.0214637
0.0693465
0.0453241
0.086816
0.0311084
0.102362
0.222525
0.308834
0.0266039
0.572339
0.26881
0.0242551
0.0636769
0.0699236
0.128783
0.0355278
0.164993
0.344067
0.599839
0.267482
0.164732
0.0783411
0.1742
0.0664381
0.325196
0.0702506
0.247072
0.0446713
0.139569
0.654443
0.0778265
0.0195951
0.173481
0.108514
0.0200299
0.369321
0.0670579
0.0458098
0.219804
0.0355896
0.124303
0.134728
0.016687
0.338923
0.0699963
0.403141
0.0904863
0.0354394
0.411811
0.273697
0.0334073
0.0444899
0.236576
0.0229739
0.237439
0.117889
0.175901
0.0546669
0.355405
0.327617
0.0752678
0.020073
0.027296
0.0614287
0.205636
0.378769
0.127662
0.449401
0.03528
0.0868655
0.0448512
0.0215555
0.0528239
0.0604972
0.0384247
0.371612
0.134853
0.0457826
0.0331826
0.0271901
0.0272199
0.439882
0.0360171
0.0832394
0.154348
0.0297308
0.125068
0.150395
0.144528
0.0226853
0.0190042
0.0306503
0.102965
0.193217
0.403667
0.14542
0.0230218
0.272922
0.0394663
0.100624
0.033425
0.24702
0.294216
0.0901545
0.146535
0.0272618
0.216352
0.0281709
0.161376
0.162858
0.555732
0.180323
0.0712394
0.31912
0.606496
0.580246
0.0288336
0.123572
0.0563772
0.0828803
0.285552
0.16258
0.0361615
0.175538
0.404267
0.223741
0.432268
0.475123
0.460167
0.39744
0.202158
0.0271892
0.563744
0.214556
0.0643694
0.0181499
0.0379696
0.0883754
0.0522581
0.0219562
0.207711
0.120038
0.221653
0.356884
0.0346497
0.435492
0.0181211
0.492096
0.202608
0.0402597
0.292584
0.192998
0.02667
0.158832
0.686523
0.0875749
0.173306
0.539403
0.0493381
0.13654
0.0247628
0.584072
0.524891
0.0574387
0.181041
0.123648
0.0265214
0.449576
0.0357646
0.620973
0.550681
0.352567
0.69403
0.417939
0.114473
0.126477
0.472444
0.0622909
0.0229457
0.138233
0.312367
0.213084
0.350443
0.545909
0.109482
0.0812345
0.171443
0.0296285
0.0687697
0.0136321
0.0459157
0.0627793
0.134405
0.0710735
0.0489641
0.208388
0.0133708
0.0267819
0.0852125
0.0273465
0.0902944
0.567957
0.0634701
0.221325
0.103951
0.168838
0.385764
0.0998148
0.268986
0.167515
0.243779
0.109372
0.047868
0.0334292
0.0976863
0.0771391
0.226371
0.120762
0.0823307
0.0805142
0.0502782
0.0678181
0.0378077
0.0410473
0.471741
0.0210498
0.0330105
0.0413151
0.029089
0.112076
0.163816
0.132235
0.422065
0.0244386
0.10844
0.380635
0.0942481
0.0160797
0.0554131
0.0462642
0.0761092
0.104311
0.0280453
0.0447063
0.706386
0.0317573
0.130822
0.0291752
0.0149187
0.249435
0.233523
0.483297
0.191082
0.200598
0.079284
0.0833189
0.186267
0.150507
0.0709837
0.483554
0.418727
0.133648
0.133389
0.548209
0.0370358
0.243467
0.0935437
0.0234507
0.228712
0.275301
0.445972
0.132199
0.645043
0.110419
0.246074
0.0957078
0.193819
0.0737868
0.0175885
0.732158
0.481699
0.332323
0.295848
0.306402
0.0396647
0.104447
0.0616975
0.0429587
0.231903
0.295103
0.511942
0.0909418
0.362671
0.558199
0.133003
0.156224
0.0522275
0.0323406
0.0676784
0.155152
0.13294
0.201913
0.0815239
0.0590723
0.0965903
0.104695
0.07959
0.225826
0.408334
0.0849714
0.350247
0.071127
0.0270946
0.0319394
0.499942
0.190871
0.0268558
0.353434
0.089381
0.0738227
0.490897
0.0967221
0.547257
0.0488282
0.142958
0.0690341
0.146973
0.134056
0.451133
0.201068
0.0578102
0.323427
0.546515
0.0757873
0.0401705
0.381766
0.436094
0.275519
0.0533077
0.0298987
0.111331
0.0260708
0.175272
0.198311
0.0509102
0.795748
0.0875397
0.319951
0.281422
0.0691468
0.144612
0.171406
0.364045
0.0339655
0.0590334
0.136325
0.183476
0.0289834
0.129362
0.0231561
0.180767
0.099554
0.0185037
0.0491193
0.0579367
0.231621
0.216125
0.298347
0.101365
0.0384104
0.0564929
0.0488117
0.185927
0.0887052
0.127692
0.114639
0.0494911
0.0176145
0.034882
0.20012
0.0762036
0.0485063
0.0237128
0.0138069
0.2239
0.0417101
0.136596
0.0298056
0.0190516
0.111978
0.0175437
0.0497595
0.295385
0.34267
0.217836
0.0265676
0.559651
0.181402
0.0898076
0.293351
0.141072
0.0786384
0.402892
0.112432
0.0962543
0.0465759
0.0642797
0.183191
0.135471
0.411386
0.122977
0.172924
0.244776
0.0729809
0.562193
0.0941459
0.0816038
0.163587
0.162252
0.382849
0.113661
0.0953633
0.515321
0.210387
0.502425
0.0687575
0.0384264
0.215096
0.0188415
0.0409657
0.119141
0.133833
0.101317
0.032355
0.222165
0.0411986
0.30949
0.0162294
0.0449914
0.381941
0.396144
0.0333475
0.102014
0.0532523
0.0311483
0.159196
0.0849715
0.392938
0.0753895
0.181581
0.0544509
0.064715
0.340945
0.146302
0.0798906
0.47752
0.101889
0.014181
0.252468
0.053289
0.032735
0.0408115
0.0375388
0.0324742
0.10062
0.075549
0.165076
0.419018
0.0464395
0.0545679
0.324157
0.24274
0.513543
0.145126
0.10817
0.238803
0.101686
0.077158
0.43426
0.0595554
0.255445
0.0309253
0.563892
0.0641009
0.0934057
0.0695853
0.135147
0.0525521
0.692568
0.30932
0.0189504
0.0562786
0.0935159
0.0737458
0.0799231
0.0425803
0.0415051
0.231371
0.206098
0.192615
0.163901
0.127985
0.0413763
0.0945654
0.416545
0.0802578
0.600628
0.0235678
0.0602367
0.0597654
0.0491266
0.491435
0.187779
0.248603
0.0446928
0.126659
0.099929
0.16034
0.0233872
0.144291
0.0491593
0.0799131
0.399334
0.288441
0.358813
0.132171
0.0637783
0.0444297
0.0476021
0.0193434
0.356681
0.06291
0.149961
0.463658
0.645753
0.580488
0.165657
0.121174
0.0698957
0.0328885
0.102308
0.280671
0.0432432
0.0440652
0.548312
0.205699
0.0721756
0.355593
0.0583131
0.115039
0.116702
0.319599
0.44114
0.234403
0.0444913
0.0697884
0.0143272
0.0540994
0.413652
0.629436
0.370372
0.41997
0.0733924
0.239172
0.0151667
0.0349276
0.0913858
0.72519
0.393167
0.144813
0.644646
0.147551
0.0570828
0.103807
0.15583
0.0442773
0.276205
0.66448
0.579342
0.541886
0.125347
0.19679
0.0149916
0.540035
0.147611
0.0195015
0.0704716
0.0330293
0.291691
0.439669
0.0186051
0.393463
0.479005
0.0386559
0.210151
0.0693717
0.037871
0.0519461
0.114124
0.0241544
0.0515227
0.0386755
0.0548781
0.285462
0.0860929
0.366351
0.465968
0.147707
0.143562
0.203952
0.105365
0.603724
0.0759222
0.126383
0.590292
0.266719
0.0414057
0.284076
0.138528
0.174584
0.218408
0.245771
0.148935
0.269841
0.192609
0.0182555
0.505974
0.07057
0.0244794
0.0879191
0.0338355
0.629862
0.108815
0.0763985
0.0678822
0.503657
0.0275648
0.0215972
0.131343
0.152432
0.107972
0.149158
0.0515603
0.208619
0.115557
0.0597629
0.178533
0.109551
0.31036
0.151192
0.447325
0.038804
0.28145
0.0407821
0.0295972
0.192004
0.105355
0.578754
0.486301
0.206192
0.0253738
0.0296782
0.108527
0.125488
0.36846
0.0693053
0.0667732
0.2142
0.0240733
0.0491137
0.0191253
0.0417499
0.272688
0.524968
0.0420223
0.235988
0.0224482
0.150987
0.0756661
0.0777196
0.151538
0.501109
0.0694881
0.0749027
0.091813
0.0462681
0.0813355
0.48952
0.355815
0.132724
0.0931037
0.0167364
0.187357
0.0500422
0.092401
0.0718072
0.139053
0.0193852
0.335199
0.0617337
0.103689
0.0356162
0.553437
0.240346
0.264017
0.0438632
0.100048
0.568343
0.0806157
0.051816
0.026374
0.0680556
0.177731
0.63742
0.037446
0.0856724
0.0876682
0.220731
0.0993801
0.182582
0.1819
0.16822
0.0161287
0.0670774
0.0151842
0.381426
0.582195
0.0812455
0.0807641
0.033621
0.0837719
0.467123
0.0446
0.237692
0.0831565
0.0905833
0.104107
0.0434391
0.237941
0.0375243
0.0438088
0.0318541
0.149981
0.200757
0.351541
0.0683945
0.184699
0.0626608
0.0182675
0.270574
0.0518408
0.144729
0.021645
0.105763
0.0857806
0.0490968
0.0214194
0.193441
0.147807
0.175592
0.235165
0.140422
0.0967612
0.197971
0.139179
0.205129
0.143465
0.0794582
0.0479452
0.0920677
0.0924488
0.046153
0.0370623
0.0307433
0.0577103
0.433859
0.0745
0.0331404
0.149553
0.266644
0.33576
0.0215513
0.149793
0.0793764
0.12641
0.202627
0.267923
0.0197509
0.0397439
0.0973723
0.0415685
0.452633
0.228674
0.0462779
0.0307263
0.161234
0.598988
0.0621836
0.460475
0.127735
0.0310101
0.0646774
0.310803
0.283245
0.406121
0.0795026
0.288246
0.167575
0.308697
0.201832
0.297793
0.399293
0.0885842
0.0949109
0.337858
0.153064
0.200215
0.15066
0.0375378
0.0496535
0.0746084
0.831795
0.148892
0.233518
0.0359166
0.0207501
0.390884
0.578684
0.171652
0.070276
0.182144
0.0701921
0.0970051
0.177876
0.0662787
0.202148
0.0309101
0.109079
0.0650495
0.0466394
0.132523
0.0817272
0.280146
0.138733
0.145597
0.479691
0.0577895
0.32626
0.135152
0.143892
0.361423
0.0614574
0.299743
0.0819704
0.0177366
0.112606
0.685272
0.417912
0.5398
0.0987946
0.322789
0.0377275
0.356091
0.0319725
0.505362
0.296909
0.140291
0.188913
0.25531
0.18199
0.0160447
0.108856
0.0254341
0.152696
0.0196679
0.142949
0.074671
0.0338069
0.122213
0.101727
0.0222084
0.058605
0.44513
0.0304625
0.0790599
0.0596772
0.347407
0.294453
0.0391104
0.0349222
0.0598634
0.014928
0.429345
0.217865
0.145502
0.161166
0.369397
0.0192167
0.448303
0.29631
0.338478
0.132081
0.0615886
0.0242968
0.49911
0.090097
0.0173042
0.0610953
0.0756768
0.43558
0.0429367
0.0260209
0.0833886
0.143506
0.0737256
0.0387773
0.0282
0.176489
0.0224474
0.364278
0.0750004
0.0373511
0.15865
0.151191
0.455397
0.0155927
0.0851792
0.0426803
0.155376
0.0255878
0.333202
0.24309
0.0188094
0.454432
0.170092
0.0618529
0.19628
0.184659
0.141687
0.0199503
0.0842382
0.0462121
0.19936
0.318861
0.0264763
0.33458
0.0671003
0.114719
0.575576
0.0415244
0.128579
0.411244
0.0153981
0.149729
0.370328
0.0363793
0.206626
0.129368
0.496999
0.0225678
0.104541
0.0521466
0.106669
0.110409
0.20586
0.173784
0.070603
0.115471
0.0976618
0.0374954
0.0849081
0.243658
0.0598416
0.0650426
0.469801
0.0772769
0.0538248
0.0377885
0.0294275
0.315393
0.0401583
0.0947507
0.0152053
0.015306
0.0194784
0.0293368
0.02858
0.198511
0.145534
0.0280828
0.157292
0.302962
0.24485
0.0499347
0.213764
0.231555
0.156862
0.346412
0.136885
0.0196574
0.0159279
0.500944
0.0298878
0.0355472
0.0364087
0.310309
0.308196
0.0422415
0.0663984
0.0287708
0.0318226
0.0443807
0.0897559
0.203489
0.0214737
0.158777
0.0567175
0.326068
0.10249
0.0481134
0.0962567
0.111399
0.0758743
0.0258903
0.185599
0.178587
0.101309
0.0907391
0.14522
0.0758818
0.0522915
0.120798
0.0416355
0.0536576
0.334185
0.198026
0.0330775
0.0525477
0.653897
0.0544677
0.121335
0.0504927
0.0831045
0.185217
0.163534
0.0700713
0.0882843
0.0881771
0.0501328
0.394166
0.490953
0.0417571
0.0318468
0.194465
0.0443994
0.27351
0.195578
0.0738396
0.211812
0.0167665
0.310023
0.200285
0.087791
0.0932501
0.218211
0.710554
0.0192102
0.231367
0.153722
0.517125
0.0801915
0.324825
0.861439
0.0239047
0.10891
0.0417084
0.0796233
0.0615327
0.0635557
0.0162544
0.301117
0.0293548
0.103986
0.076285
0.478806
0.348466
0.0524342
0.0681929
0.151473
0.200108
0.0929174
0.0806347
0.583788
0.110705
0.107936
0.173354
0.176885
0.378576
0.313213
0.68237
0.359368
0.299236
0.0508978
0.0753793
0.376374
0.084972
0.280559
0.121803
0.29208
0.0567621
0.285016
0.0264725
0.254097
0.0792436
0.139461
0.0234501
0.297267
0.16173
0.0285624
0.0464094
0.0716809
0.100731
0.318018
0.0691725
0.660871
0.131192
0.202268
0.173873
0.0336546
0.321255
0.0428265
0.395733
0.0339537
0.0616207
0.600313
0.0158886
0.119539
0.144337
0.166173
0.0158202
0.130109
0.0703035
0.108665
0.0848748
0.022901
0.0926453
0.0604373
0.0888866
0.0275414
0.489945
0.0578464
0.0182829
0.173749
0.0895085
0.245381
0.175034
0.381921
0.196683
0.0326051
0.176116
0.0459311
0.353448
0.186148
0.0177831
0.161385
0.0924139
0.033662
0.0204904
0.0197016
0.144914
0.539572
0.0286842
0.0402324
0.0711405
0.0621711
0.0847903
0.144238
0.0662084
0.0669386
0.122568
0.0175848
0.449536
0.69986
0.0395506
0.0964281
0.0180375
0.215972
0.033625
0.0634761
0.112528
0.077546
0.0871006
0.100131
0.237751
0.0439739
0.230249
0.128578
0.639378
0.217463
0.196512
0.0298145
0.155495
0.0138127
0.355191
0.244608
0.165806
0.0140187
0.0995707
0.140845
0.212657
0.0229071
0.0430511
0.300535
0.0186857
0.151047
0.0802759
0.274795
0.0167787
0.0334624
0.19163
0.419899
0.133794
0.0513321
0.326661
0.105187
0.368499
0.331887
0.0917615
0.151864
0.261133
0.114329
0.310116
0.1203
0.0199629
0.0302865
0.0365533
0.402549
0.0212988
0.0431526
0.288756
0.062096
0.17942
0.152816
0.182114
0.322403
0.0473519
0.0822137
0.0216287
0.0275583
0.0381846
0.330132
0.0753835
0.777789
0.0328611
0.245734
0.19443
0.0835307
0.0354792
0.125266
0.193595
0.114782
0.110013
0.170316
0.282554
0.048029
0.0705865
0.0674645
0.0338996
0.426256
0.0446041
0.105269
0.277928
0.323711
0.571537
0.385234
0.111647
0.347008
0.267446
0.0843382
0.123031
0.609808
0.143018
0.207289
0.332338
0.14778
0.0373059
0.0315612
0.0460005
0.308774
0.042342
0.555798
0.0808305
0.067611
0.0244317
0.0389481
0.311686
0.0469091
0.0528114
0.376507
0.1298
0.585185
0.140939
0.278799
0.293531
0.0203692
0.0569663
0.0768334
0.657061
0.248147
0.222707
0.0242632
0.341843
0.272494
0.220992
0.30113
0.263108
0.0455666
0.0505292
0.21508
0.391542
0.126976
0.0134606
0.0282805
0.215974
0.344182
0.0296354
0.0197718
0.135687
0.0496838
0.0406158
0.148743
0.0612578
0.070297
0.0284973
0.51558
0.0938721
0.158421
0.332497
0.252864
0.0889923
0.108236
0.0381702
0.676946
0.229066
0.0545261
0.0858129
0.210704
0.233305
0.0470548
0.0781688
0.0518212
0.0416662
0.0319852
0.0973232
0.191431
0.351367
0.100679
0.0954976
0.0238769
0.242576
0.106332
0.0410438
0.572885
0.40487
0.0551638
0.0886958
0.0413124
0.192389
0.0624104
0.0209987
0.204892
0.0538303
0.25696
0.0514179
0.0646403
0.339719
0.0952465
0.0563776
0.324657
0.264607
0.0327288
0.376978
0.561158
0.0620861
0.0225863
0.015584
0.175824
0.168256
0.0355644
0.180102
0.327048
0.378237
0.386516
0.019412
0.119098
0.199252
0.0513435
0.206246
0.105631
0.048628
0.0945879
0.0342753
0.244399
0.0490762
0.261975
0.296867
0.0948898
0.368916
0.452751
0.203255
0.0906446
0.045566
0.480874
0.200868
0.106265
0.106478
0.49554
0.127869
0.174685
0.0567653
0.0908132
0.144723
0.234845
0.0857254
0.293378
0.466365
0.158256
0.338892
0.344365
0.124764
0.0464614
0.0271762
0.170139
0.193782
0.694891
0.0413833
0.0518877
0.359721
0.0566765
0.14019
0.173132
0.101937
0.279769
0.142878
0.0171852
0.181872
0.312343
0.0530999
0.0359381
0.173828
0.0393556
0.102927
0.547856
0.0318087
0.186123
0.0283198
0.0888441
0.0306358
0.0145205
0.122804
0.0557793
0.0387653
0.138494
0.0887542
0.498714
0.152419
0.52537
0.287387
0.0334455
0.172979
0.0321221
0.419708
0.156022
0.233648
0.0402939
0.386267
0.401765
0.18601
0.212604
0.0412684
0.334155
0.0369698
0.111866
0.0489363
0.0355339
0.286574
0.190058
0.422899
0.141905
0.0769917
0.170153
0.0254985
0.433298
0.193828
0.0470608
0.138544
0.0198056
0.0563149
0.327366
0.0151341
0.060323
0.153504
0.127102
0.0388511
0.438874
0.374092
0.0322213
0.142237
0.320482
0.131045
0.0533992
0.0149883
0.0960398
0.445848
0.207018
0.170252
0.22601
0.134661
0.144401
0.0356461
0.388684
0.175494
0.474582
0.121317
0.246919
0.143922
0.0566804
0.21037
0.136766
0.0373622
0.266383
0.0741017
0.0511817
0.198965
0.0612494
0.60977
0.247202
0.349313
0.0942665
0.10168
0.150034
0.300837
0.170852
0.0174621
0.252661
0.0780518
0.104738
0.117105
0.613074
0.0478074
0.202407
0.0210973
0.0793459
0.400355
0.419163
0.0540792
0.0402492
0.0590781
0.0785653
0.016661
0.117791
0.0681445
0.0295622
0.132521
0.0250385
0.055009
0.386872
0.0774496
0.059206
0.360592
0.220073
0.192632
0.0188214
0.0759604
0.0663096
0.0338387
0.0308292
0.0295828
0.244588
0.0526433
0.0635802
0.0178203
0.146937
0.0552045
0.129068
0.0739979
0.0191196
0.0696378
0.0840137
0.13243
0.169417
0.196112
0.0418609
0.166077
0.046529
0.0604662
0.0740882
0.0312815
0.219435
0.0148003
0.0334593
0.015628
0.099244
0.0649023
0.0142198
0.0786013
0.0781624
0.0294846
0.180749
0.0306739
0.198732
0.0491508
0.370514
0.0457251
0.0177956
0.171198
0.0602949
0.0329473
0.32156
0.187561
0.175873
0.0595804
0.249305
0.0657651
0.143452
0.0974443
0.279069
0.247066
0.0507502
0.135498
0.233265
0.115964
0.151579
0.0665305
0.249647
0.144612
0.0418761
0.0630919
0.0290772
0.158235
0.141815
0.125139
0.0177053
0.0661902
0.441849
0.173634
0.0552917
0.0235254
0.229528
0.0776211
0.0770865
0.0279167
0.151787
0.140593
0.0931143
0.0463369
0.0669042
0.123268
0.302274
0.130066
0.0246786
0.112689
0.110359
0.108127
0.2496
0.0271478
0.266596
0.0227784
0.0928983
0.313905
0.065261
0.114002
0.0444319
0.263533
0.515051
0.670422
0.108708
0.246994
0.120712
0.0828074
0.324029
0.426862
0.299614
0.0927184
0.043
0.0315274
0.0553581
0.0501103
0.190528
0.1009
0.0748478
0.0293555
0.322778
0.0364638
0.0811314
0.307856
0.126737
0.0452992
0.184891
0.276594
0.0742435
0.223041
0.076069
0.15315
0.0758052
0.147826
0.115732
0.0437892
0.058163
0.792557
0.107912
0.311474
0.703391
0.548223
0.108791
0.27783
0.0790853
0.0710244
0.0977068
0.0647038
0.0968418
0.712795
0.0700982
0.03506
0.113037
0.0441947
0.207073
0.153527
0.359521
0.432903
0.121794
0.797984
0.0732766
0.0225307
0.128347
0.0254443
0.193393
0.310112
0.0823216
0.07384
0.179268
0.0511786
0.252306
0.112348
0.169142
0.0341619
0.488231
0.203908
0.0669716
0.0776536
0.0654519
0.1194
0.101905
0.311332
0.0772885
0.180205
0.294701
0.179748
0.0720108
0.318853
0.448524
0.335614
0.165144
0.326384
0.0376862
0.0612956
0.394696
0.149327
0.0870117
0.160495
0.223752
0.0609318
0.0503377
0.133446
0.0650491
0.572815
0.017002
0.0922932
0.230516
0.11949
0.280854
0.110569
0.0945546
0.0725724
0.191756
0.0324302
0.113462
0.0364623
0.0803638
0.418395
0.0457728
0.075332
0.470522
0.15722
0.190028
0.0200535
0.211122
0.0594612
0.111405
0.0747076
0.266177
0.165362
0.154962
0.102094
0.112535
0.0215917
0.536199
0.222025
0.0400159
0.269363
0.103018
0.126186
0.203866
0.697813
0.375667
0.154491
0.0912174
0.0647593
0.0430843
0.4913
0.237714
0.0804285
0.0188686
0.0233776
0.294926
0.0231917
0.207676
0.100278
0.055153
0.38108
0.146331
0.0392008
0.382375
0.0449668
0.0394631
0.102244
0.179914
0.220674
0.237549
0.042729
0.0194441
0.430325
0.114197
0.424457
0.22031
0.168737
0.0239343
0.164266
0.302393
0.093583
0.0532755
0.0179831
0.105386
0.16706
0.217762
0.027182
0.486496
0.0134081
0.164341
0.220999
0.1066
0.119961
0.0713712
0.0212855
0.245103
0.299438
0.0174781
0.301603
0.0766351
0.481524
0.309144
0.0504955
0.146141
0.0472355
0.101553
0.165001
0.0676053
0.162742
0.526976
0.0429636
0.0484063
0.127344
0.0523125
0.308715
0.0195506
0.525078
0.0810565
0.122347
0.0635745
0.0363393
0.0649137
0.14811
0.365781
0.132535
0.179528
0.0380425
0.124556
0.0626607
0.137186
0.198454
0.113377
0.0476172
0.0709271
0.785565
0.126443
0.0289487
0.483293
0.280821
0.472182
0.0224771
0.172038
0.0445544
0.0366565
0.193827
0.613675
0.0411657
0.218787
0.127981
0.162047
0.0360338
0.334671
0.0188998
0.0199291
0.0290127
0.18327
0.20008
0.154058
0.138088
0.287324
0.115873
0.123489
0.112802
0.103416
0.0400092
0.056772
0.749876
0.0437195
0.0592968
0.091657
0.201942
0.11976
0.0937977
0.263209
0.0310136
0.0185933
0.410736
0.0292471
0.0348823
0.120542
0.122683
0.0274849
0.0160976
0.0222699
0.0135441
0.203451
0.0158685
0.136345
0.44714
0.226135
0.0440493
0.106163
0.164074
0.39326
0.0352252
0.0301068
0.15629
0.154238
0.112537
0.168237
0.41079
0.0880161
0.132859
0.242843
0.157097
0.048881
0.128031
0.117957
0.0518419
0.22493
0.323858
0.040814
0.0535412
0.0662505
0.0525917
0.108379
0.126959
0.0394428
0.473603
0.25502
0.123746
0.0578524
0.180028
0.775934
0.0513483
0.0583169
0.441982
0.332182
0.104756
0.35385
0.0556965
0.259579
0.112576
0.0555582
0.499786
0.0560037
0.135083
0.463597
0.353769
0.0560947
0.021083
0.044128
0.0299289
0.106572
0.0160305
0.363083
0.318665
0.314915
0.368973
0.0247567
0.128871
0.175331
0.065984
0.276288
0.0787316
0.0994845
0.194314
0.344194
0.0601524
0.113144
0.0213974
0.86263
0.509061
0.139506
0.262908
0.0263808
0.0845537
0.018444
0.615442
0.0587752
0.0734259
0.0365637
0.0202204
0.110912
0.102611
0.0720033
0.177785
0.173526
0.10255
0.0242148
0.0529123
0.109306
0.0263294
0.0989918
0.0370813
0.511617
0.185889
0.0484667
0.182961
0.0402191
0.0783583
0.0384804
0.209981
0.800685
0.249375
0.0219467
0.267796
0.0464964
0.103664
0.627576
0.121131
0.0309687
0.0204582
0.0757687
0.0390917
0.476708
0.400178
0.08485
0.335929
0.268634
0.0207203
0.0624821
0.151332
0.164593
0.184031
0.480646
0.0416192
0.192494
0.127737
0.0348415
0.717099
0.085266
0.100959
0.324441
0.069841
0.179639
0.05233
0.215156
0.0179191
0.0535134
0.22375
0.0665978
0.0552706
0.17169
0.226588
0.262085
0.0667989
0.522003
0.330845
0.100578
0.041054
0.307094
0.0526764
0.1096
0.263428
0.092547
0.147482
0.295953
0.533433
0.0618602
0.203649
0.338698
0.0724581
0.0194293
0.0681397
0.343265
0.117889
0.0440765
0.19659
0.163494
0.14632
0.0380703
0.326999
0.01732
0.273647
0.505842
0.0851003
0.340869
0.448519
0.0837212
0.362999
0.0589617
0.367548
0.110167
0.0744333
0.121633
0.0319032
0.0814963
0.532004
0.312062
0.0144276
0.0333057
0.0211879
0.102567
0.019188
0.0149718
0.204895
0.0630888
0.47356
0.152166
0.251198
0.0638809
0.139742
0.0136591
0.25762
0.351209
0.2613
0.0660258
0.01435
0.17606
0.0196203
0.0574509
0.461754
0.550605
0.23787
0.106781
0.0606622
0.0950321
0.110685
0.154252
0.0489844
0.114041
0.161967
0.0385272
0.230406
0.383143
0.548251
0.0324584
0.201125
0.384323
0.0369377
0.122371
0.0340726
0.0197917
0.0370357
0.299315
0.0283779
0.145473
0.211698
0.038814
0.289633
0.0336279
0.0556387
0.32819
0.571706
0.352942
0.390443
0.283954
0.0319864
0.0405752
0.613744
0.106304
0.0218395
0.0827313
0.0323709
0.068259
0.0470217
0.0494243
0.0252356
0.045089
0.025283
0.10814
0.0347483
0.26078
0.154639
0.071018
0.118961
0.059882
0.0872251
0.0655611
0.0776536
0.227522
0.1086
0.119313
0.128898
0.423873
0.202236
0.361056
0.0628384
0.129269
0.390286
0.188478
0.0816012
0.137003
0.0640432
0.0207087
0.456791
0.202123
0.365964
0.162317
0.0456011
0.472358
0.12125
0.0228005
0.316944
0.0422512
0.0214021
0.079376
0.113977
0.256047
0.114416
0.0266041
0.195869
0.0581934
0.195292
0.139045
0.299067
0.016708
0.321216
0.340068
0.0372991
0.205034
0.148459
0.0241334
0.314274
0.472257
0.264024
0.0245067
0.54962
0.0562524
0.0658686
0.0781176
0.082892
0.267835
0.355179
0.319125
0.234086
0.150702
0.107056
0.438687
0.542079
0.0230028
0.374489
0.345076
0.348624
0.329325
0.329896
0.0215963
0.488233
0.140925
0.0982685
0.665737
0.144642
0.0485633
0.0236216
0.12602
0.194255
0.088449
0.222735
0.322288
0.100495
0.0939644
0.290873
0.0578254
0.106285
0.0909086
0.0936067
0.32374
0.0593027
0.209796
0.22013
0.143281
0.103533
0.115677
0.194466
0.250144
0.103541
0.0411373
0.0202292
0.0230613
0.101904
0.0419873
0.0154505
0.0757688
0.0369294
0.246505
0.0272167
0.163176
0.214345
0.304217
0.0422438
0.0182376
0.0977645
0.383906
0.107282
0.189498
0.0780987
0.0185867
0.119429
0.252451
0.0785559
0.0684922
0.113141
0.05592
0.233297
0.121747
0.0724935
0.642374
0.0598402
0.136586
0.0775552
0.0227561
0.070537
0.23517
0.328775
0.0555333
0.583137
0.0344867
0.102165
0.175149
0.0881879
0.14072
0.204424
0.0496069
0.0382212
0.0388111
0.0480178
0.0158955
0.225683
0.139511
0.0434151
0.197921
0.434069
0.0309812
0.2833
0.0210666
0.0508823
0.418518
0.0225232
0.202564
0.140642
0.181869
0.0398138
0.128583
0.436634
0.0726533
0.0302599
0.160338
0.303114
0.105376
0.122583
0.508781
0.0573669
0.0355379
0.0853592
0.0214366
0.0885018
0.393904
0.145726
0.240647
0.0826472
0.0513373
0.19872
0.132683
0.185422
0.0332998
0.143047
0.453178
0.0248955
0.0657711
0.157257
0.0277093
0.625582
0.0271588
0.0316274
0.0183888
0.039252
0.0944063
0.212736
0.202631
0.123574
0.0388499
0.0305078
0.272787
0.501985
0.088334
0.0179098
0.0862253
0.140055
0.488927
0.480083
0.228492
0.417516
0.555955
0.0218154
0.0534609
0.0507466
0.152372
0.33722
0.0437736
0.206107
0.671979
0.0889356
0.0831623
0.447193
0.0831036
0.0900357
0.0707413
0.271851
0.0208395
0.262232
0.207901
0.170752
0.305928
0.117953
0.345378
0.291903
0.119133
0.0472569
0.0843033
0.135071
0.10888
0.517127
0.0759248
0.217224
0.0283421
0.0564958
0.0169244
0.0816798
0.196605
0.0915019
0.0584603
0.392004
0.627039
0.277892
0.3083
0.215583
0.228508
0.485608
0.0612398
0.0245185
0.054879
0.646196
0.724606
0.0719381
0.441928
0.0384197
0.0899288
0.0979871
0.015689
0.357838
0.0278521
0.373175
0.147453
0.269126
0.0496035
0.147916
0.194103
0.202988
0.0492761
0.575185
0.0900202
0.0705697
0.0200201
0.296468
0.0388426
0.0277941
0.0589514
0.0809057
0.0745456
0.184475
0.354337
0.118036
0.0522661
0.0209127
0.204229
0.134598
0.590876
0.0397453
0.12693
0.801558
0.390445
0.390455
0.0578267
0.11071
0.108334
0.242892
0.0812995
0.200435
0.337516
0.0620615
0.326288
0.0518939
0.041614
0.226373
0.0471291
0.0476791
0.0286898
0.187114
0.0417793
0.028562
0.179886
0.0449369
0.173086
0.29829
0.152365
0.0368528
0.0294931
0.317722
0.0849335
0.566279
0.0252923
0.482486
0.0235328
0.0481458
0.137669
0.0563757
0.0402446
0.0654781
0.100949
0.0223701
0.309398
0.0924208
0.0356175
0.159478
0.339396
0.158749
0.248636
0.378236
0.21929
0.105462
0.0212537
0.686306
0.145953
0.253278
0.51608
0.111901
0.0672686
0.11582
0.0783258
0.0590544
0.0663868
0.0634979
0.0168914
0.311775
0.255018
0.0870141
0.702626
0.0378255
0.105778
0.0237257
0.090579
0.0304437
0.149125
0.0514337
0.133312
0.388938
0.26885
0.460167
0.0455262
0.145839
0.0982766
0.0876094
0.221442
0.316775
0.0588677
0.0225955
0.236686
0.122749
0.193447
0.0775938
0.0385114
0.0345181
0.0581431
0.17988
0.0270399
0.267091
0.0144007
0.0668702
0.0888454
0.056886
0.0216304
0.155455
0.147262
0.111826
0.197642
0.266053
0.255334
0.508474
0.187527
0.538709
0.188598
0.321384
0.0337902
0.01386
0.081686
0.26318
0.1735
0.210455
0.178232
0.147608
0.17534
0.016858
0.183456
0.0614656
0.156569
0.21324
0.0911518
0.142205
0.0705506
0.237504
0.0556334
0.467255
0.171103
0.0205507
0.452424
0.140621
0.12059
0.0793914
0.25838
0.194104
0.0976509
0.0648986
0.202478
0.0820793
0.464615
0.623364
0.143477
0.0439757
0.0404653
0.0385326
0.0241488
0.284695
0.0601054
0.435048
0.121795
0.0805077
0.207386
0.687554
0.175852
0.0153808
0.12255
0.126205
0.116197
0.118983
0.0145382
0.0988276
0.226942
0.322473
0.0144301
0.209184
0.0747917
0.0143369
0.457742
0.153258
0.0586061
0.414014
0.0233206
0.0972533
0.142704
0.0479178
0.534483
0.0666597
0.0862889
0.354035
0.0361715
0.231634
0.0622041
0.163271
0.0656075
0.180255
0.0256109
0.483381
0.0421592
0.0660596
0.348863
0.19358
0.130392
0.0885273
0.0553056
0.511055
0.0999754
0.0515246
0.163614
0.0432556
0.257885
0.0752456
0.0570812
0.119201
0.155404
0.356783
0.136399
0.0266811
0.0980127
0.543643
0.0318188
0.0274684
0.321109
0.127944
0.122452
0.0538912
0.0673623
0.368198
0.3428
0.0717077
0.271553
0.16062
0.122124
0.250131
0.037531
0.129213
0.147826
0.226157
0.0299807
0.200844
0.0794488
0.323716
0.275935
0.0538314
0.396859
0.043725
0.0494743
0.594167
0.0344361
0.176928
0.312014
0.119517
0.118993
0.0343614
0.157798
0.20784
0.0425356
0.198629
0.524496
0.0869875
0.0375691
0.476444
0.0354213
0.0205103
0.0360663
0.0229565
0.016711
0.0481492
0.251351
0.739648
0.0595707
0.0823506
0.0264984
0.15555
0.0262499
0.575043
0.122917
0.157992
0.27919
0.530564
0.0409099
0.06456
0.0311855
0.0384396
0.308014
0.0423936
0.0384444
0.382438
0.114493
0.242257
0.0226322
0.0398133
0.0301658
0.152685
0.0356412
0.692955
0.600155
0.644069
0.02713
0.0377217
0.443895
0.153659
0.106665
0.111099
0.0236179
0.533556
0.0160025
0.213875
0.161177
0.0209109
0.0243116
0.020782
0.411466
0.377303
0.0680636
0.0241809
0.47868
0.158377
0.233171
0.0992125
0.27745
0.129138
0.209778
0.279975
0.15372
0.391901
0.372207
0.0775068
0.0606254
0.149346
0.0847798
0.031905
0.18397
0.274417
0.524063
0.276696
0.482153
0.249358
0.209046
0.0706811
0.232258
0.362051
0.134224
0.0530136
0.169882
0.0225668
0.162179
0.0358826
0.0692466
0.143662
0.262744
0.147758
0.22105
0.279391
0.422067
0.171254
0.030899
0.036766
0.280173
0.121895
0.135432
0.0418238
0.0738468
0.0367441
0.0767113
0.0631676
0.0234541
0.0660014
0.100179
0.0607201
0.0925342
0.0900608
0.0241209
0.0615538
0.0172538
0.199966
0.0465391
0.1556
0.0322121
0.145641
0.0651974
0.174364
0.0278271
0.51062
0.218944
0.0936628
0.0254611
0.0680912
0.0277605
0.0721621
0.0737544
0.757879
0.0143056
0.0162473
0.225665
0.0157483
0.39258
0.552525
0.237427
0.29885
0.0687424
0.0867483
0.0460919
0.0363099
0.0594515
0.0449102
0.0171134
0.0935991
0.33889
0.333294
0.0774654
0.192566
0.0919238
0.0969887
0.232569
0.037932
0.227604
0.0218934
0.13907
0.162387
0.148709
0.828679
0.0408254
0.126757
0.0218652
0.0288748
0.143957
0.107716
0.0508645
0.027778
0.0452678
0.105874
0.193432
0.323612
0.0389829
0.21894
0.453524
0.177385
0.0579457
0.125355
0.450328
0.0460983
0.347465
0.121306
0.262022
0.0321253
0.0855253
0.450815
0.0849356
0.0855083
0.297962
0.0631941
0.0727226
0.141766
0.387947
0.144178
0.0588908
0.0889486
0.0365415
0.241911
0.12379
0.0592923
0.0626195
0.135958
0.0469575
0.053636
0.116453
0.346355
0.225777
0.0287021
0.160758
0.566419
0.0645155
0.0221433
0.0692418
0.270656
0.221654
0.0744857
0.236768
0.32132
0.173606
0.0398973
0.109262
0.292114
0.0798162
0.27922
0.0888087
0.0582877
0.0796992
0.0607508
0.461021
0.0490581
0.18137
0.0216759
0.263297
0.0297777
0.0306287
0.149179
0.378394
0.181851
0.0728899
0.0285631
0.17607
0.791023
0.155857
0.510329
0.0243061
0.232801
0.0175711
0.682502
0.0296389
0.465965
0.453911
0.0970072
0.0645933
0.0447684
0.637896
0.0514049
0.252769
0.218803
0.0560254
0.035622
0.0297238
0.0615852
0.466393
0.0780892
0.0333842
0.0168702
0.0658414
0.093716
0.106067
0.0817461
0.196974
0.0290614
0.526236
0.546713
0.139291
0.701851
0.0192046
0.226992
0.147067
0.126155
0.473244
0.0640403
0.186562
0.11248
0.658072
0.146449
0.0218166
0.166366
0.496989
0.0625716
0.176262
0.0513387
0.0690092
0.0542206
0.0454811
0.48719
0.030072
0.385193
0.0167923
0.177332
0.0380522
0.12083
0.390337
0.216795
0.044868
0.151044
0.384108
0.0260538
0.0233374
0.0337828
0.0309084
0.459495
0.427715
0.178966
0.256654
0.0731651
0.124351
0.0910762
0.0246584
0.524923
0.168131
0.0857118
0.079373
0.58431
0.180708
0.118348
0.161262
0.242093
0.0968587
0.220176
0.150124
0.235991
0.147276
0.14106
0.145336
0.0849902
0.018036
0.05467
0.0363688
0.212759
0.183286
0.0682688
0.0505894
0.0167885
0.0847465
0.023584
0.035076
0.178855
0.198332
0.386942
0.0685609
0.0459896
0.187657
0.599487
0.707365
0.053665
0.0236788
0.929172
0.0224135
0.0428322
0.116439
0.0454805
0.308401
0.0856509
0.0139312
0.391393
0.36
0.0590241
0.0208517
0.0759604
0.0594962
0.147671
0.157951
0.592708
0.0353955
0.0609958
0.40866
0.435574
0.0267229
0.147973
0.113785
0.100889
0.553038
0.0607784
0.776889
0.0150173
0.150265
0.112712
0.244993
0.297885
0.0211671
0.0908509
0.0883311
0.194261
0.14056
0.398352
0.015331
0.0290913
0.353589
0.0572777
0.326526
0.15909
0.121015
0.157236
0.345057
0.278601
0.17181
0.358095
0.0559628
0.0925808
0.0237916
0.19826
0.0386588
0.0661654
0.0825847
0.0501483
0.138005
0.0892669
0.380446
0.0976976
0.479577
0.190592
0.169635
0.276144
0.29323
0.203445
0.0401826
0.0961743
0.216315
0.269245
0.158389
0.191196
0.139187
0.0412245
0.0470878
0.182102
0.172733
0.0219937
0.041742
0.187726
0.0419982
0.146491
0.156009
0.285794
0.0487754
0.0865922
0.0254032
0.0646825
0.0320964
0.319156
0.15917
0.343364
0.0634221
0.45913
0.111413
0.4933
0.0217312
0.432502
0.051038
0.141417
0.560275
0.156472
0.285798
0.051918
0.168004
0.635729
0.100193
0.158513
0.771841
0.0419864
0.223615
0.052261
0.14343
0.0442341
0.0435717
0.0940482
0.0243759
0.336355
0.0249491
0.14301
0.0878279
0.0513551
0.0438128
0.0148152
0.0765819
0.620921
0.325996
0.097464
0.0643446
0.257693
0.292288
0.108942
0.31135
0.0463305
0.0958345
0.0218117
0.182448
0.195017
0.0345761
0.0208684
0.377296
0.379802
0.0407459
0.20832
0.0242151
0.151492
0.11401
0.0517704
0.0707198
0.0644766
0.173846
0.278291
0.264962
0.0285638
0.221118
0.0503509
0.303371
0.260982
0.0511811
0.0844712
0.114787
0.0951088
0.151198
0.17679
0.133709
0.103292
0.0738757
0.473269
0.0183231
0.37678
0.365933
0.186444
0.14062
0.158919
0.123408
0.284914
0.293635
0.0970596
0.0324618
0.158801
0.151677
0.246976
0.256589
0.0330605
0.286003
0.0388296
0.241476
0.0187736
0.0245249
0.0172921
0.0891068
0.313773
0.035007
0.0342765
0.106435
0.0804453
0.124981
0.0924197
0.0324716
0.226676
0.29311
0.346791
0.119286
0.0601446
0.10369
0.134906
0.10214
0.111401
0.0211767
0.0605584
0.183468
0.355641
0.0759584
0.233069
0.256489
0.241072
0.300391
0.219287
0.226332
0.0314138
0.214394
0.0681213
0.130985
0.394456
0.0583423
0.0469897
0.213567
0.0577828
0.0912752
0.09159
0.0345025
0.0389814
0.0524593
0.037377
0.0428815
0.0834678
0.20835
0.167287
0.121291
0.140959
0.0935133
0.285581
0.434652
0.116775
0.12666
0.0159157
0.172551
0.0262217
0.0824681
0.527977
0.0526995
0.0282863
0.688579
0.260713
0.080927
0.0701463
0.106149
0.034593
0.533292
0.287548
0.0668294
0.282238
0.207702
0.0300575
0.0233966
0.0820518
0.0808677
0.489426
0.128515
0.348453
0.280467
0.0504296
0.0880113
0.382751
0.16021
0.108346
0.454225
0.194581
0.459106
0.0166819
0.366964
0.219545
0.0145139
0.0170255
0.0395678
0.723049
0.124671
0.0983597
0.0349537
0.259259
0.0596717
0.0378892
0.0357133
0.294378
0.106552
0.0341353
0.028195
0.0870053
0.244887
0.104975
0.218897
0.0696538
0.0287525
0.520041
0.0614064
0.230439
0.0488114
0.323673
0.825159
0.155258
0.0228745
0.0881053
0.237758
0.424579
0.277685
0.246755
0.0278154
0.0379741
0.409943
0.0475749
0.0935506
0.200915
0.123153
0.590694
0.399079
0.147386
0.332687
0.169686
0.0450981
0.218709
0.354466
0.204408
0.265776
0.469229
0.0469036
0.100841
0.0924248
0.0162397
0.609385
0.513911
0.0518526
0.0395609
0.124498
0.0345403
0.0277145
0.115608
0.230522
0.0603901
0.419643
0.0754488
0.0337295
0.472977
0.0461463
0.146624
0.325761
0.105561
0.0178999
0.0584264
0.221933
0.241949
0.0620845
0.0413725
0.206611
0.191796
0.700416
0.0928891
0.0875355
0.172034
0.446746
0.0343285
0.111286
0.0248904
0.520346
0.0674264
0.239602
0.052944
0.0522862
0.147993
0.174619
0.0219763
0.387927
0.433474
0.0156293
0.0465845
0.129543
0.134288
0.119985
0.0625677
0.0784759
0.402241
0.146374
0.031239
0.156235
0.479337
0.175583
0.257064
0.035887
0.031845
0.0273089
0.29726
0.0162562
0.116287
0.48012
0.483701
0.0424853
0.367604
0.08078
0.0729566
0.0536831
0.030747
0.199575
0.0374404
0.0299072
0.016663
0.120933
0.0463694
0.0948577
0.0750716
0.121233
0.458437
0.147779
0.27456
0.67776
0.204116
0.122322
0.23966
0.0291474
0.0540614
0.0367844
0.235322
0.0449684
0.3037
0.142445
0.240142
0.13441
0.0539208
0.107429
0.0387963
0.0859805
0.199562
0.116711
0.235476
0.023125
0.203379
0.340563
0.111146
0.0471991
0.113364
0.192842
0.109154
0.256792
0.179045
0.0722977
0.2781
0.0449225
0.349966
0.472044
0.113512
0.0256697
0.425139
0.0225174
0.18511
0.102314
0.043626
0.0929881
0.146151
0.153908
0.325002
0.0813459
0.285822
0.0590467
0.384958
0.135851
0.0264129
0.0782751
0.0943147
0.244429
0.106095
0.0484986
0.231145
0.0390351
0.120484
0.126147
0.279354
0.0190036
0.0325391
0.154641
0.588978
0.0757058
0.033422
0.293394
0.0392548
0.158522
0.0823301
0.0701427
0.068694
0.242513
0.13099
0.0202577
0.601935
0.604066
0.0741483
0.28316
0.0240353
0.443394
0.212617
0.0959277
0.575849
0.110529
0.0384879
0.707236
0.166264
0.268525
0.386293
0.0532871
0.0677052
0.1151
0.222156
0.063723
0.0293424
0.51814
0.0255322
0.16659
0.0817676
0.0809148
0.0871952
0.0247712
0.015688
0.145936
0.045366
0.0524368
0.158436
0.222928
0.0661017
0.030762
0.0374595
0.190831
0.115209
0.277525
0.121893
0.118072
0.31738
0.0224935
0.0279823
0.625736
0.113737
0.381975
0.0646571
0.0531636
0.0524293
0.407426
0.0259471
0.228015
0.175813
0.190174
0.0968549
0.140538
0.248132
0.213337
0.191176
0.24415
0.164931
0.161647
0.053137
0.223159
0.604899
0.203811
0.0474086
0.0416266
0.888312
0.217759
0.439858
0.354418
0.0970949
0.419706
0.0224538
0.0949678
0.208347
0.0225666
0.135665
0.324951
0.427933
0.329061
0.0192326
0.0433738
0.0141685
0.112594
0.52129
0.052558
0.0156769
0.0301359
0.368351
0.430893
0.0220968
0.164756
0.0587954
0.247091
0.0982111
0.376544
0.022371
0.187622
0.0361894
0.028321
0.338392
0.132782
0.0412132
0.104988
0.0462273
0.153975
0.0666947
0.0277201
0.0263115
0.186895
0.0680425
0.507931
0.10679
0.403582
0.313908
0.0736689
0.200394
0.367093
0.0908212
0.0269783
0.205015
0.0870153
0.174853
0.0586183
0.0971799
0.446266
0.0169945
0.0154082
0.450714
0.270903
0.0923696
0.579649
0.0317038
0.25341
0.0624708
0.514116
0.328666
0.0507437
0.0308541
0.17364
0.331827
0.0865151
0.101973
0.18468
0.0255884
0.420725
0.187752
0.575613
0.0853313
0.103947
0.123326
0.222014
0.242478
0.1302
0.22121
0.0890166
0.0458741
0.0717382
0.0423542
0.498484
0.164428
0.150076
0.594821
0.0946611
0.0478161
0.205318
0.168375
0.126487
0.0540198
0.120821
0.10771
0.219366
0.0448019
0.140792
0.0635201
0.090743
0.123717
0.0874803
0.370627
0.249042
0.0868009
0.0587456
0.043747
0.0352101
0.136258
0.0439807
0.268274
0.0772419
0.170388
0.325458
0.0684367
0.145357
0.0665883
0.121706
0.230491
0.0880757
0.173422
0.280713
0.0270426
0.0475227
0.268626
0.611265
0.0213681
0.0317234
0.236411
0.0935491
0.416468
0.138953
0.0830396
0.48027
0.0577555
0.104543
0.0749079
0.122634
0.235133
0.0439106
0.14041
0.0759808
0.14257
0.248763
0.0193322
0.139856
0.056424
0.0250204
0.026777
0.231725
0.0816688
0.0288922
0.660757
0.247569
0.0427649
0.0200021
0.0298577
0.196164
0.0483852
0.138045
0.0235888
0.195946
0.491473
0.121879
0.0434024
0.272496
0.0711634
0.0219788
0.41913
0.394217
0.0912372
0.0680289
0.038078
0.127474
0.093903
0.3668
0.404819
0.465722
0.0762967
0.0531603
0.139265
0.0995237
0.0248448
0.667525
0.326942
0.197844
0.0546909
0.182782
0.57228
0.155594
0.0703091
0.0139161
0.0145498
0.25541
0.422566
0.455818
0.482815
0.138175
0.190464
0.018443
0.206495
0.583927
0.562125
0.017499
0.089846
0.0345789
0.311555
0.0780366
0.161058
0.215706
0.0764268
0.0178765
0.173773
0.0730691
0.74637
0.338749
0.0519867
0.177876
0.225113
0.0296747
0.0802138
0.0328267
0.0555047
0.0432539
0.403663
0.0795684
0.0229764
0.0885641
0.159431
0.103584
0.125453
0.046391
0.0957129
0.149214
0.0225406
0.104195
0.134292
0.172607
0.190826
0.283222
0.100662
0.215614
0.0990477
0.201208
0.283257
0.378649
0.216024
0.0830549
0.118575
0.403721
0.0151998
0.326776
0.0886437
0.0875449
0.0338032
0.0889112
0.0302945
0.0386121
0.161065
0.277081
0.0408274
0.0167811
0.165619
0.120451
0.0877291
0.636871
0.0560292
0.126302
0.0307063
0.279735
0.114732
0.263748
0.0786639
0.17371
0.0765792
0.0906671
0.111301
0.135731
0.0802912
0.423517
0.23619
0.0476703
0.225127
0.214749
0.313832
0.146016
0.12978
0.175036
0.107921
0.0910347
0.589729
0.0819199
0.477713
0.0618212
0.0314293
0.623183
0.066779
0.0336921
0.0851888
0.256791
0.481642
0.221044
0.165322
0.0578405
0.0491596
0.0184326
0.106945
0.0421603
0.158911
0.0593626
0.440798
0.125434
0.0337386
0.114848
0.0886263
0.0276126
0.326932
0.0451473
0.152065
0.0267341
0.0698497
0.084642
0.189958
0.0697185
0.499122
0.0724066
0.278942
0.0144272
0.0782095
0.0250045
0.0450606
0.168689
0.239522
0.0421117
0.0458279
0.135667
0.260778
0.377086
0.0635867
0.201416
0.236506
0.015975
0.161735
0.224868
0.019616
0.257624
0.162265
0.479584
0.0466205
0.331751
0.053585
0.427849
0.0656213
0.0639149
0.0281249
0.0558771
0.437803
0.0917836
0.198434
0.273433
0.745512
0.135347
0.608313
0.354867
0.0229787
0.100543
0.0575595
0.228982
0.339168
0.684541
0.252977
0.063943
0.140553
0.181807
0.0233081
0.0847471
0.77557
0.0265879
0.054439
0.255092
0.0222415
0.0405334
0.0444767
0.098298
0.0239071
0.124212
0.0750367
0.016853
0.0688673
0.483107
0.0182667
0.0583178
0.0646088
0.0656685
0.423966
0.179051
0.296296
0.112032
0.203481
0.0836441
0.0390821
0.128463
0.255406
0.271197
0.423962
0.097375
0.107045
0.224217
0.0247528
0.0242117
0.256431
0.0426655
0.123623
0.130906
0.0191087
0.574637
0.246728
0.129473
0.404077
0.0740038
0.0699329
0.0569936
0.667362
0.147703
0.599879
0.0196055
0.0636819
0.261308
0.10827
0.280405
0.400751
0.202089
0.813149
0.092273
0.524915
0.0831041
0.0656185
0.476775
0.509294
0.0685612
0.146237
0.185315
0.286785
0.301544
0.212474
0.424922
0.204198
0.255473
0.194196
0.182575
0.0257122
0.0714058
0.0631862
0.0209191
0.173758
0.0149888
0.0604593
0.0489131
0.442471
0.144909
0.0164199
0.0347374
0.380614
0.306671
0.018916
0.0906655
0.161055
0.0235191
0.419222
0.0770356
0.735914
0.160029
0.0212896
0.0718203
0.292033
0.0301485
0.406026
0.0982507
0.110571
0.76738
0.0527708
0.177807
0.281979
0.0646858
0.132597
0.346294
0.708388
0.102682
0.140675
0.0181024
0.0800331
0.419621
0.622636
0.0750568
0.344197
0.233764
0.366889
0.0168982
0.406992
0.033922
0.776739
0.187025
0.0360318
0.593161
0.776994
0.0659839
0.0827639
0.0329644
0.1854
0.0331328
0.0265068
0.0298718
0.155598
0.146248
0.140623
0.151492
0.11235
0.126462
0.0855254
0.017328
0.072914
0.132634
0.114069
0.102965
0.0226481
0.0747657
0.0219967
0.312485
0.21616
0.108794
0.118396
0.339099
0.0158479
0.228152
0.0194815
0.0325091
0.0382786
0.224881
0.767161
0.145169
0.142534
0.0691002
0.0644732
0.576871
0.226723
0.773918
0.219212
0.45024
0.235229
0.268954
0.263642
0.041486
0.0326678
0.0471004
0.272458
0.326887
0.142713
0.0210488
0.509072
0.324985
0.437811
0.0168426
0.174735
0.772351
0.152679
0.0523642
0.0909726
0.102048
0.133878
0.21362
0.190192
0.495451
0.0170541
0.114695
0.0479733
0.0858278
0.263275
0.111272
0.0809685
0.383666
0.792757
0.729436
0.195075
0.156714
0.807718
0.258754
0.0514878
0.344812
0.0434921
0.114837
0.118042
0.39721
0.126295
0.0902992
0.059406
0.072918
0.0546458
0.070323
0.0912196
0.15829
0.0226274
0.525937
0.0486049
0.425479
0.230757
0.109393
0.167891
0.216588
0.0786781
0.147368
0.0712782
0.160973
0.26515
0.240951
0.0236285
0.141962
0.658298
0.0134632
0.257606
0.0220248
0.0469351
0.0728754
0.0854061
0.166632
0.0510129
0.118192
0.0673952
0.0473243
0.0316259
0.0178825
0.181368
0.445538
0.0994948
0.0749555
0.175484
0.517435
0.0994213
0.0217528
0.634206
0.278323
0.286994
0.0393583
0.0362055
0.19495
0.461688
0.210844
0.209249
0.050103
0.042658
0.0597433
0.183569
0.0471765
0.0453998
0.168984
0.121069
0.353347
0.159106
0.0296507
0.122993
0.0691346
0.307475
0.04045
0.0198141
0.613126
0.11693
0.104959
0.187213
0.06326
0.151504
0.105027
0.442256
0.244826
0.0448551
0.0296853
0.0276934
0.0509157
0.11257
0.0467178
0.200487
0.0374747
0.0279496
0.554327
0.350101
0.0226527
0.028979
0.159218
0.0882258
0.135311
0.0146799
0.014915
0.114338
0.156382
0.372181
0.313105
0.0197833
0.120562
0.231573
0.194293
0.177994
0.209692
0.450092
0.146871
0.158505
0.182358
0.324627
0.0247523
0.158226
0.0217853
0.043713
0.0359219
0.119038
0.188584
0.389201
0.376974
0.237738
0.262609
0.0758842
0.128061
0.160352
0.179021
0.0920434
0.361762
0.0331141
0.111789
0.206703
0.0837933
0.0831506
0.122708
0.0353733
0.0263991
0.029526
0.263389
0.586519
0.126936
0.241013
0.0549611
0.534665
0.261493
0.177859
0.0151297
0.0266329
0.0334197
0.0653002
0.0930779
0.0236473
0.104032
0.0522171
0.0167279
0.430243
0.091695
0.12499
0.155056
0.216616
0.0467194
0.0654769
0.0220948
0.172023
0.0493993
0.0221459
0.0646263
0.149279
0.218451
0.0163976
0.099448
0.0605767
0.222042
0.311875
0.246845
0.156167
0.0280635
0.199059
0.449269
0.0885464
0.0874326
0.055244
0.0764626
0.784978
0.223659
0.0302279
0.03805
0.216068
0.172604
0.150229
0.0335471
0.0550553
0.0658654
0.173662
0.0600492
0.0351649
0.540267
0.18966
0.187709
0.235788
0.157693
0.0805943
0.21838
0.116723
0.0750266
0.0787834
0.3047
0.0196299
0.0598381
0.0301346
0.115282
0.0456084
0.0643581
0.0748373
0.137874
0.152956
0.323039
0.120415
0.0156959
0.231124
0.0302238
0.0543399
0.239564
0.197044
0.0341933
0.173797
0.138721
0.220716
0.230874
0.0873195
0.482579
0.106248
0.0166876
0.0520196
0.0226651
0.021126
0.209015
0.0311317
0.0314682
0.0835503
0.260675
0.092089
0.152564
0.0464786
0.0244221
0.0667454
0.106032
0.0731618
0.0392119
0.034055
0.130489
0.0179252
0.109688
0.0560808
0.0565441
0.0762093
0.237568
0.179842
0.0310552
0.023351
0.211609
0.0270532
0.0989006
0.100812
0.122136
0.0228456
0.0719647
0.193057
0.285701
0.0354187
0.232971
0.0359763
0.31074
0.318503
0.0527684
0.0161638
0.0979201
0.0333996
0.506469
0.387808
0.0478354
0.0279512
0.442314
0.167715
0.0218189
0.0503259
0.0565709
0.410263
0.166672
0.0229112
0.0136056
0.0308705
0.022758
0.0689139
0.0390278
0.381333
0.0945159
0.0218625
0.0769483
0.404215
0.140081
0.285393
0.460193
0.369959
0.0829796
0.506544
0.179796
0.136317
0.0864135
0.0866273
0.170697
0.122528
0.0290961
0.178947
0.193201
0.0759431
0.0329077
0.0201224
0.169478
0.244767
0.103804
0.111571
0.105882
0.34081
0.20386
0.249868
0.157085
0.0172701
0.0443091
0.159734
0.167521
0.107002
0.149073
0.370172
0.0503612
0.204032
0.132875
0.145107
0.361965
0.45783
0.0872492
0.0930076
0.277739
0.373559
0.034519
0.460403
0.0823801
0.0409444
0.204976
0.108262
0.414483
0.035989
0.228412
0.104173
0.194157
0.239612
0.148902
0.0887317
0.1259
0.253064
0.185773
0.0966917
0.102846
0.427241
0.0236434
0.0820938
0.04606
0.0450546
0.0252544
0.216089
0.0542286
0.100996
0.150076
0.401034
0.517238
0.0770053
0.223204
0.490917
0.0448229
0.398723
0.132985
0.190254
0.0283557
0.0711862
0.215631
0.225693
0.14478
0.0705023
0.0420142
0.0165304
0.122768
0.237268
0.146458
0.441699
0.579421
0.079944
0.100561
0.275733
0.352202
0.728533
0.0695737
0.119453
0.0727756
0.0606564
0.228651
0.210492
0.0483043
0.0380186
0.12721
0.123863
0.0322416
0.0346765
0.356847
0.442594
0.0714801
0.233661
0.038271
0.0603398
0.0581257
0.0872181
0.0301154
0.0534946
0.0227767
0.03442
0.0219153
0.022356
0.102585
0.436378
0.185749
0.115889
0.232394
0.0329224
0.432082
0.186676
0.0352231
0.117562
0.119603
0.0533648
0.0213047
0.622466
0.567788
0.0143687
0.241611
0.24964
0.127094
0.0855859
0.103687
0.0136408
0.604451
0.287121
0.0333809
0.0630721
0.0898073
0.0588952
0.116168
0.265031
0.352273
0.122412
0.13449
0.0859238
0.0349879
0.0893331
0.267062
0.339249
0.143774
0.0490862
0.0616945
0.531783
0.0416593
0.165961
0.384655
0.0327273
0.0236584
0.420899
0.061421
0.0626531
0.271034
0.777467
0.324796
0.138477
0.270334
0.0985106
0.0889655
0.316919
0.375359
0.0407623
0.0528513
0.547283
0.148638
0.329801
0.0206577
0.131687
0.148419
0.0306545
0.0737975
0.0311408
0.0611049
0.447347
0.1866
0.229207
0.104655
0.101682
0.510272
0.0412008
0.0437511
0.147841
0.107125
0.0144352
0.0231409
0.0530817
0.221954
0.345429
0.244865
0.0294767
0.313748
0.458856
0.303063
0.0803524
0.0454042
0.0579743
0.0327141
0.190199
0.800765
0.0415868
0.0515283
0.292261
0.121801
0.386676
0.239254
0.0916223
0.0592484
0.190329
0.262197
0.0489266
0.0560507
0.176034
0.637826
0.0686155
0.0607252
0.356556
0.0371711
0.0223368
0.0697979
0.0344795
0.190425
0.0523014
0.0182902
0.0186912
0.161226
0.122268
0.321887
0.0252175
0.0388658
0.0239439
0.0308068
0.404252
0.0225909
0.0777138
0.18176
0.0537859
0.109864
0.155169
0.0393118
0.0353386
0.0721787
0.387841
0.406702
0.0294823
0.040825
0.789985
0.2307
0.056954
0.173055
0.12629
0.0386918
0.635295
0.159646
0.024739
0.0526603
0.245583
0.0296218
0.373387
0.598747
0.431714
0.0973679
0.0823097
0.0249856
0.0396673
0.0966125
0.527098
0.106209
0.0616192
0.205006
0.237706
0.0279042
0.0884793
0.0561354
0.414509
0.434819
0.148722
0.0343229
0.573078
0.13447
0.0236771
0.0247237
0.263573
0.302364
0.321887
0.0160295
0.252976
0.276049
0.0678334
0.037087
0.137505
0.0496731
0.416719
0.0841627
0.515402
0.814463
0.0230362
0.0905406
0.0601703
0.0685227
0.500135
0.402094
0.0661477
0.107117
0.0763342
0.0244686
0.0262509
0.56757
0.290973
0.127901
0.0579515
0.18537
0.23088
0.0798242
0.605582
0.0485709
0.0249772
0.199358
0.0779536
0.262135
0.50989
0.170363
0.241379
0.594635
0.0668788
0.149929
0.10559
0.0256147
0.0142979
0.067048
0.0550796
0.58471
0.320915
0.0732876
0.0388104
0.671329
0.653652
0.0387087
0.119952
0.256198
0.24441
0.0421717
0.0187299
0.119896
0.0657544
0.0462496
0.0397302
0.217042
0.0613067
0.476589
0.279595
0.0932707
0.189102
0.306377
0.179275
0.0219828
0.0528157
0.0701155
0.0535329
0.124219
0.0297233
0.10176
0.0263656
0.137962
0.437264
0.534431
0.0254086
0.0298967
0.0625595
0.0639523
0.0982474
0.0196037
0.270427
0.077312
0.293487
0.0361881
0.0276142
0.0575524
0.143071
0.151577
0.177046
0.259091
0.342898
0.163891
0.0858742
0.0258964
0.0753137
0.431118
0.0387272
0.504678
0.0329168
0.33895
0.0323531
0.0260141
0.0514274
0.324032
0.119266
0.0371151
0.257118
0.477015
0.210725
0.0598962
0.0172232
0.493055
0.094808
0.0671242
0.815423
0.0738606
0.042693
0.130844
0.0643761
0.117813
0.0804943
0.20736
0.030698
0.269328
0.259054
0.11461
0.0947865
0.0355201
0.215593
0.0434392
0.0345899
0.693825
0.236573
0.032558
0.562817
0.0152378
0.131482
0.257908
0.629703
0.0271274
0.0910939
0.0720871
0.0743639
0.0181084
0.0229856
0.0977779
0.135322
0.0808425
0.0377023
0.0389472
0.0450603
0.0205382
0.187857
0.0572636
0.0220682
0.58219
0.162852
0.0309932
0.05935
0.354708
0.15269
0.0525712
0.343611
0.0344997
0.0838405
0.129942
0.385553
0.0663038
0.248278
0.595366
0.321797
0.0452988
0.278029
0.055105
0.760293
0.323029
0.174492
0.0764851
0.136657
0.202205
0.25437
0.0956863
0.147506
0.0497063
0.0437622
0.041587
0.0532018
0.262771
0.228102
0.30145
0.111144
0.189605
0.030653
0.115632
0.235031
0.0403134
0.0877755
0.312015
0.053338
0.256387
0.144137
0.0500516
0.319443
0.11955
0.246012
0.443886
0.361704
0.434512
0.0768361
0.0313001
0.249859
0.18537
0.443513
0.0222386
0.24537
0.500386
0.0911324
0.0169187
0.186857
0.0926359
0.143576
0.0922262
0.132117
0.0483397
0.191253
0.0654982
0.0335118
0.38015
0.100866
0.0446044
0.14035
0.0178415
0.01742
0.132687
0.120175
0.143299
0.356317
0.141793
0.0787996
0.339446
0.0562647
0.0329715
0.0371003
0.0799618
0.253434
0.0989849
0.0211914
0.0888526
0.0976264
0.192641
0.277264
0.344086
0.0539839
0.163125
0.0499129
0.170909
0.0172878
0.29132
0.144622
0.0199086
0.363314
0.0966112
0.0751901
0.207504
0.0303685
0.0794264
0.0156523
0.045063
0.48518
0.240528
0.413102
0.799052
0.199739
0.340216
0.265955
0.0885117
0.0282188
0.0329296
0.274378
0.017261
0.0449961
0.0504364
0.128125
0.0884383
0.0819816
0.526304
0.0223987
0.567831
0.0593979
0.192906
0.0865823
0.0206574
0.166473
0.0261716
0.106015
0.201378
0.0558592
0.180664
0.0292531
0.4661
0.0702707
0.101413
0.327908
0.0494684
0.191581
0.316511
0.0328057
0.0315496
0.210865
0.0873704
0.0668445
0.0423147
0.270049
0.0322113
0.025773
0.169711
0.0457748
0.0248174
0.0672018
0.108576
0.0493118
0.31656
0.0823279
0.108693
0.0678224
0.0182167
0.143679
0.196749
0.0675483
0.0527819
0.685539
0.355653
0.353479
0.189425
0.0944983
0.0472188
0.0639751
0.0643739
0.0162356
0.0547937
0.0801497
0.11728
0.322435
0.0802702
0.0666803
0.0271429
0.197954
0.0417605
0.0536083
0.28691
0.122964
0.021516
0.129442
0.0991826
0.0146701
0.135319
0.306624
0.0531772
0.0357671
0.047666
0.0525003
0.0364514
0.113777
0.232098
0.0621416
0.318542
0.0234772
0.22912
0.155031
0.0283751
0.213263
0.0306831
0.0744946
0.171442
0.0316246
0.109676
0.299135
0.175262
0.237798
0.26005
0.2177
0.0800369
0.108021
0.0371755
0.156858
0.0467085
0.164313
0.384831
0.141792
0.106814
0.0970509
0.0195995
0.0273763
0.51369
0.15304
0.300419
0.0810471
0.0620914
0.0713292
0.222408
0.0191196
0.452895
0.534958
0.132706
0.176257
0.030173
0.186509
0.181503
0.302349
0.100497
0.828123
0.0402967
0.344687
0.133332
0.0737143
0.0204236
0.266748
0.0294746
0.0860272
0.0449658
0.137805
0.192009
0.0150538
0.137829
0.157078
0.0814223
0.140603
0.0771697
0.183449
0.0161806
0.076967
0.239107
0.0475074
0.637696
0.148468
0.428507
0.484982
0.0424182
0.0773586
0.169162
0.0456548
0.0791831
0.0355552
0.436894
0.236232
0.0439614
0.0333838
0.0227639
0.167159
0.167753
0.0463926
0.0509525
0.306641
0.177375
0.101975
0.132503
0.10584
0.109486
0.0385669
0.151162
0.0482973
0.0228976
0.105727
0.0261234
0.356774
0.309313
0.0392517
0.0940173
0.0721898
0.699728
0.0869613
0.321414
0.231983
0.0333307
0.658616
0.0742586
0.0172053
0.134257
0.0487788
0.183204
0.025659
0.044707
0.0145412
0.308671
0.107716
0.118489
0.107476
0.0353347
0.14952
0.056708
0.586474
0.0650206
0.508389
0.195916
0.38818
0.118929
0.613843
0.0536783
0.116848
0.128546
0.0237823
0.0358089
0.0807457
0.705164
0.193366
0.312694
0.0153428
0.174617
0.102464
0.396538
0.144819
0.058414
0.171563
0.0838276
0.0215009
0.258167
0.552613
0.895729
0.0376281
0.11227
0.0198375
0.0291799
0.0906925
0.251876
0.255482
0.260194
0.0604602
0.189115
0.171971
0.229387
0.0657937
0.0216885
0.0179871
0.184981
0.319444
0.260576
0.0396741
0.0189662
0.172773
0.0580001
0.0319107
0.244982
0.0415189
0.473925
0.572871
0.135589
0.0261901
0.232639
0.270747
0.0967833
0.021766
0.0219132
0.140559
0.392127
0.256778
0.0231326
0.170044
0.336399
0.0282773
0.0349621
0.311961
0.19074
0.244741
0.669904
0.287568
0.320438
0.42869
0.0378199
0.0556339
0.0611052
0.185194
0.174654
0.0205002
0.0373576
0.0480566
0.175128
0.151643
0.0436672
0.430458
0.353566
0.473915
0.167774
0.0369078
0.296759
0.337655
0.756623
0.0562441
0.274786
0.0678986
0.184276
0.0948533
0.216405
0.132748
0.0165858
0.0227121
0.0492493
0.209337
0.17531
0.225585
0.0923695
0.11314
0.264649
0.451295
0.258604
0.0507616
0.53139
0.034466
0.0351148
0.139826
0.263555
0.0687298
0.0200841
0.278877
0.0225051
0.516383
0.0268554
0.0451919
0.101831
0.548887
0.24997
0.243236
0.0275832
0.404374
0.0305456
0.11731
0.397979
0.0968091
0.138326
0.228665
0.246963
0.261818
0.135524
0.115929
0.138779
0.126382
0.130232
0.0369268
0.680025
0.466459
0.208502
0.0941821
0.424364
0.039161
0.0167826
0.184697
0.0363354
0.0499369
0.351579
0.540328
0.124144
0.0740706
0.262014
0.0287955
0.627684
0.638833
0.100569
0.270451
0.0282579
0.0304942
0.0401673
0.0363681
0.199822
0.756354
0.182014
0.275918
0.0476834
0.122213
0.203938
0.0468553
0.148681
0.0502135
0.0522485
0.18229
0.211499
0.393767
0.491729
0.154236
0.241126
0.214164
0.141175
0.0826434
0.361029
0.461799
0.105688
0.055403
0.485899
0.0879778
0.268474
0.0835229
0.0206613
0.144239
0.0263773
0.320359
0.0857501
0.0145328
0.128602
0.179486
0.0452456
0.189976
0.15302
0.249009
0.33515
0.0710992
0.0264794
0.061479
0.0240669
0.112445
0.0188083
0.439703
0.182189
0.220244
0.423551
0.115807
0.0278347
0.0967634
0.427338
0.101521
0.111302
0.429062
0.102824
0.0185942
0.588626
0.072943
0.0189944
0.0337297
0.228241
0.0733191
0.100731
0.117024
0.102447
0.0835244
0.0174037
0.162044
0.569114
0.0144059
0.086981
0.0550948
0.0328788
0.323594
0.0949696
0.0233018
0.0770073
0.47063
0.0359222
0.0262751
0.0287232
0.346308
0.0593767
0.305195
0.050769
0.26497
0.0438181
0.280053
0.0289176
0.450609
0.122518
0.141413
0.0701693
0.0254597
0.199704
0.128492
0.186057
0.0177361
0.0586181
0.250911
0.0841078
0.165397
0.0398729
0.0471167
0.142952
0.0247612
0.359481
0.281846
0.0347244
0.153938
0.22005
0.0392945
0.319465
0.0415618
0.0415889
0.0666069
0.154149
0.109821
0.109003
0.0277552
0.116551
0.410443
0.23868
0.128203
0.0785312
0.0199531
0.0188576
0.0739104
0.0659792
0.766933
0.134449
0.298485
0.16237
0.16977
0.11226
0.162885
0.0430061
0.0645889
0.193258
0.244753
0.128687
0.205773
0.0288604
0.0391627
0.437985
0.753576
0.623475
0.0327152
0.13344
0.0382705
0.0340474
0.363248
0.0661764
0.151916
0.582757
0.209924
0.600622
0.730997
0.175132
0.0189817
0.036217
0.0961745
0.0781637
0.41164
0.0467707
0.0362429
0.100616
0.375261
0.389483
0.28232
0.144756
0.384401
0.0963626
0.0475638
0.0668072
0.252425
0.33063
0.184281
0.14867
0.155042
0.243239
0.0154572
0.0666365
0.0810393
0.0554252
0.137191
0.0413256
0.115075
0.0546559
0.111398
0.0238581
0.217394
0.0617701
0.0761521
0.358674
0.0248662
0.0770052
0.151786
0.0598527
0.0640558
0.10458
0.0216473
0.0567005
0.304299
0.267166
0.344216
0.403374
0.287671
0.369083
0.157169
0.0955131
0.256269
0.0804306
0.0337088
0.0167604
0.0935059
0.0269988
0.0521185
0.306813
0.564193
0.43008
0.246921
0.0929723
0.368031
0.163428
0.0164869
0.0636035
0.123464
0.101363
0.0275256
0.553352
0.0606988
0.0427223
0.121857
0.0344297
0.0182124
0.0989106
0.0803323
0.0551754
0.217088
0.0729993
0.116789
0.0382198
0.102792
0.0184514
0.234251
0.0675156
0.0199645
0.131421
0.0146281
0.380029
0.0623109
0.423844
0.34411
0.033684
0.0641149
0.0971311
0.0406133
0.552535
0.215178
0.033025
0.0233018
0.354116
0.529728
0.0744498
0.0402241
0.0713326
0.199193
0.356167
0.160803
0.0274515
0.306018
0.19853
0.194044
0.172639
0.0393453
0.276178
0.0823649
0.106966
0.108737
0.150778
0.161704
0.0799803
0.0363488
0.214353
0.273622
0.253167
0.0442306
0.429717
0.469104
0.149582
0.0235617
0.052839
0.128782
0.250968
0.365629
0.22253
0.0683292
0.250834
0.191843
0.0276472
0.247258
0.106095
0.0240517
0.0670429
0.131858
0.222411
0.0646626
0.145962
0.116773
0.121741
0.0381667
0.215407
0.144603
0.136321
0.506563
0.158699
0.0272495
0.483366
0.0856606
0.151914
0.330931
0.032487
0.151578
0.376255
0.155361
0.4403
0.318094
0.279968
0.0823858
0.336271
0.233598
0.0428728
0.0935364
0.108413
0.0808858
0.0429495
0.134187
0.26087
0.184983
0.137164
0.224012
0.135522
0.196294
0.0303056
0.0379418
0.625071
0.107075
0.282485
0.263153
0.321579
0.0250363
0.0337523
0.257978
0.122638
0.0760821
0.225087
0.0397778
0.0406142
0.0326411
0.228742
0.152844
0.0531057
0.0896994
0.0858865
0.0652198
0.0431472
0.231411
0.108466
0.0352548
0.0947031
0.055383
0.174179
0.0259827
0.0287102
0.144662
0.865676
0.0824331
0.343165
0.123838
0.161497
0.0464924
0.0276531
0.0748064
0.653344
0.0675545
0.160864
0.18659
0.232162
0.0143892
0.155849
0.0525419
0.111077
0.171784
0.131062
0.547843
0.0552537
0.405498
0.206175
0.0251915
0.0311752
0.0151029
0.0565514
0.0308384
0.104969
0.294914
0.132538
0.0678814
0.0254258
0.02152
0.0226508
0.0141307
0.0149794
0.0268733
0.0374673
0.0149799
0.209924
0.457776
0.0873155
0.0278255
0.0229952
0.220378
0.0346018
0.428373
0.0833266
0.208451
0.0680692
0.0693431
0.0240383
0.0151252
0.0417129
0.072236
0.24883
0.0751577
0.243424
0.158794
0.0373924
0.0855171
0.0225151
0.172866
0.181644
0.112849
0.0443859
0.445986
0.0181798
0.242635
0.0471457
0.254934
0.231469
0.219419
0.0915755
0.294664
0.201773
0.44674
0.0411377
0.0214058
0.139754
0.0986679
0.199812
0.419581
0.0205165
0.0834107
0.027198
0.028795
0.353069
0.416459
0.0171532
0.0681801
0.415407
0.0307321
0.0387036
0.0557619
0.0215051
0.740193
0.210868
0.0632146
0.360451
0.122939
0.0656512
0.0997048
0.274854
0.0167533
0.141645
0.024166
0.130576
0.367772
0.197208
0.155792
0.0598538
0.0181095
0.0450803
0.194751
0.159411
0.502172
0.0532675
0.182012
0.141657
0.181559
0.55629
0.154754
0.032107
0.11331
0.0459159
0.327144
0.586454
0.113917
0.325186
0.277892
0.333148
0.0423264
0.557945
0.631481
0.142779
0.102932
0.0552618
0.0636229
0.0546746
0.0408682
0.0669777
0.0824278
0.0584942
0.0684611
0.0425946
0.310112
0.0544049
0.188811
0.0433527
0.0780381
0.238903
0.186987
0.045718
0.366651
0.39862
0.408631
0.0311587
0.320884
0.172831
0.188788
0.123749
0.20602
0.0350954
0.198173
0.316636
0.202269
0.21293
0.107609
0.0999008
0.0309082
0.250569
0.0695539
0.135036
0.112471
0.0408946
0.385202
0.0234623
0.0670488
0.225706
0.0606
0.215887
0.0337494
0.0235809
0.151384
0.208485
0.150062
0.0711188
0.626242
0.119887
0.0158016
0.2201
0.0426022
0.0459613
0.0479436
0.0481711
0.0797396
0.0855013
0.0324085
0.474747
0.0835667
0.197312
0.13623
0.0840222
0.385946
0.0814946
0.328706
0.0588177
0.243273
0.061553
0.303896
0.281741
0.512445
0.0654986
0.0557635
0.299977
0.100498
0.398695
0.0297368
0.0438076
0.112173
0.0705736
0.113135
0.0686527
0.0778449
0.228879
0.136185
0.0296786
0.0927041
0.494167
0.106435
0.382753
0.0972815
0.016927
0.596404
0.0365157
0.0876856
0.0423875
0.0956545
0.0253087
0.611954
0.0606529
0.103651
0.0557776
0.246971
0.276606
0.637739
0.153458
0.0156005
0.195224
0.0357356
0.0642521
0.453211
0.0461967
0.0530901
0.0743078
0.369037
0.0581616
0.0868137
0.318056
0.195058
0.337295
0.0321993
0.133633
0.0540036
0.604771
0.0218657
0.070284
0.2225
0.734151
0.0676233
0.183403
0.227762
0.0613228
0.0377691
0.205873
0.0832278
0.225203
0.0525619
0.248513
0.0288032
0.495046
0.0845996
0.0319456
0.215017
0.0620075
0.0608972
0.292811
0.336803
0.270912
0.244053
0.678787
0.0485213
0.0809341
0.0672062
0.0941961
0.436709
0.412351
0.241317
0.0289914
0.146051
0.153161
0.263164
0.419949
0.0232401
0.158399
0.178738
0.121672
0.37119
0.0455251
0.0418374
0.106548
0.283356
0.015643
0.0242615
0.445125
0.158868
0.0187322
0.0295437
0.0220384
0.170322
0.139511
0.0684869
0.520584
0.158382
0.193757
0.0455338
0.205063
0.205518
0.0912322
0.167313
0.0623256
0.143075
0.033584
0.19012
0.0593006
0.0656894
0.230326
0.862894
0.0193711
0.119042
0.0219912
0.0397729
0.426684
0.210011
0.316445
0.0859554
0.0712518
0.0824073
0.15922
0.0320969
0.140213
0.0252016
0.0255061
0.0279297
0.200499
0.0281958
0.0259181
0.0598284
0.140825
0.417655
0.211759
0.0530444
0.0537891
0.108464
0.0942075
0.251349
0.0180142
0.0791356
0.0535503
0.10044
0.298959
0.0293364
0.538531
0.310985
0.1387
0.207896
0.0914995
0.0201739
0.0992462
0.333826
0.0735759
0.0439715
0.1307
0.105072
0.0673206
0.0824543
0.371147
0.0274261
0.0508233
0.0432495
0.0206343
0.0413817
0.347175
0.030577
0.28191
0.0252841
0.255772
0.0543517
0.0189564
0.20677
0.127235
0.0565427
0.19174
0.0582341
0.260823
0.214329
0.210915
0.275819
0.390177
0.0480574
0.0839986
0.104089
0.861343
0.190217
0.277119
0.523474
0.159686
0.256819
0.476237
0.333954
0.0570426
0.0542756
0.02517
0.0172737
0.0686611
0.151808
0.109933
0.0426338
0.027018
0.264439
0.401313
0.0273737
0.76625
0.0260037
0.357695
0.471068
0.145188
0.656441
0.110888
0.0728491
0.313828
0.0847672
0.475377
0.119492
0.344311
0.615005
0.286382
0.200981
0.11544
0.105502
0.0863864
0.291704
0.181483
0.516645
0.243094
0.515392
0.673132
0.242778
0.159761
0.0955705
0.0436333
0.0653872
0.10019
0.230319
0.090746
0.032373
0.128401
0.163204
0.0373168
0.0414138
0.53802
0.282442
0.0560927
0.150811
0.415795
0.0293765
0.134695
0.0972095
0.0312306
0.156137
0.160499
0.0707249
0.162304
0.18816
0.136031
0.0202342
0.180618
0.17815
0.0817263
0.279998
0.461152
0.0929511
0.12551
0.178523
0.105591
0.0569657
0.0239321
0.236754
0.0291227
0.0456512
0.102383
0.0333622
0.0365956
0.104008
0.0235533
0.222917
0.388817
0.0429714
0.186757
0.017303
0.463604
0.0660944
0.0331849
0.0662517
0.0212814
0.0401711
0.272553
0.0312072
0.124669
0.144364
0.0227218
0.0789665
0.0981819
0.185636
0.209354
0.270349
0.0210211
0.0429916
0.54197
0.0959166
0.339451
0.0974203
0.0520507
0.0321896
0.0798102
0.155774
0.685409
0.400539
0.0267676
0.216633
0.173328
0.0730988
0.237476
0.223409
0.0690082
0.166293
0.0920869
0.130227
0.174696
0.0236105
0.0959464
0.0682964
0.112346
0.412804
0.0298585
0.0221129
0.205803
0.0561337
0.0922858
0.0863124
0.0642509
0.281409
0.100851
0.0238327
0.0169812
0.431354
0.0167318
0.0736791
0.183038
0.127866
0.558623
0.0613112
0.0783969
0.276972
0.228156
0.198237
0.311523
0.0157869
0.0494495
0.220442
0.0245903
0.438934
0.0460934
0.168763
0.169305
0.0242491
0.216683
0.01747
0.346371
0.230476
0.0372962
0.0937767
0.0491258
0.051302
0.106467
0.303188
0.405929
0.069202
0.122288
0.0139954
0.0602548
0.142785
0.137865
0.0775147
0.375597
0.116881
0.120565
0.398733
0.0184463
0.37765
0.0649321
0.0615888
0.0670378
0.108795
0.0776814
0.148158
0.0183888
0.0538301
0.0592901
0.0198875
0.162959
0.0847059
0.0577226
0.307727
0.486413
0.0431065
0.0382301
0.244147
0.0406439
0.045114
0.109308
0.292137
0.017468
0.41913
0.0643059
0.320811
0.470244
0.0244583
0.0253976
0.0354033
0.0419041
0.0695213
0.0582332
0.212939
0.0846946
0.0841128
0.48253
0.0850369
0.0145129
0.713664
0.123407
0.0236612
0.0425935
0.0433895
0.255904
0.24972
0.0489487
0.29098
0.275967
0.0145507
0.309753
0.0181849
0.384549
0.35523
0.0276054
0.0245234
0.0385321
0.314992
0.270846
0.160272
0.0557671
0.474302
0.0245973
0.021951
0.208704
0.0294967
0.0994336
0.193273
0.216648
0.341442
0.0736838
0.0330943
0.0248707
0.0296943
0.102394
0.277766
0.149454
0.162573
0.318196
0.0714917
0.185905
0.492747
0.0940994
0.0198345
0.108765
0.0528214
0.399582
0.0142068
0.0225866
0.0337313
0.0165101
0.137547
0.0625382
0.0395948
0.0222617
0.219453
0.0860405
0.0754737
0.122334
0.384187
0.632129
0.0324936
0.127385
0.220678
0.138008
0.377598
0.286105
0.320779
0.336072
0.0617529
0.0433261
0.108929
0.0801254
0.17372
0.579496
0.0665175
0.0780897
0.07729
0.227548
0.228998
0.0186785
0.063632
0.05468
0.151225
0.128763
0.115382
0.0291402
0.398602
0.0325911
0.314772
0.0887136
0.0403014
0.0194094
0.0489813
0.0484107
0.0457186
0.0401332
0.0408174
0.270773
0.1163
0.405924
0.0267461
0.0739055
0.0217874
0.0172058
0.115561
0.0307584
0.337829
0.68293
0.0486105
0.0376507
0.0357927
0.563686
0.0848018
0.224044
0.0720023
0.0370024
0.197623
0.14206
0.0448169
0.193855
0.72371
0.0287048
0.155246
0.0592691
0.0178897
0.203031
0.395338
0.163094
0.0146703
0.322676
0.0756725
0.0170297
0.148754
0.150214
0.0905474
0.0299052
0.0973987
0.0729067
0.0361649
0.0505954
0.308282
0.233258
0.130655
0.185879
0.0931282
0.211893
0.300097
0.0645121
0.0883792
0.0825045
0.0724553
0.116143
0.0284002
0.105896
0.373591
0.582229
0.250602
0.0397637
0.0559635
0.13218
0.28262
0.72041
0.0364353
0.0618828
0.0213101
0.22596
0.0568278
0.0298656
0.103504
0.0342607
0.409547
0.505517
0.124528
0.210933
0.0835233
0.128214
0.100167
0.0656528
0.046472
0.0381624
0.0503803
0.0581757
0.175215
0.194331
0.031059
0.0679636
0.02864
0.133985
0.0609793
0.12966
0.0880475
0.2563
0.220563
0.302331
0.283156
0.259102
0.0969731
0.133241
0.0923743
0.0188447
0.291906
0.0199094
0.0777066
0.148375
0.240848
0.0377916
0.198384
0.194559
0.123061
0.0275745
0.0400055
0.196788
0.63134
0.15926
0.0149268
0.381774
0.721476
0.0814351
0.0446926
0.311766
0.0415115
0.100778
0.446616
0.0207704
0.0972619
0.144162
0.198089
0.0206621
0.0267257
0.0585081
0.156193
0.259849
0.374799
0.106737
0.153312
0.253474
0.144525
0.152229
0.279749
0.0488943
0.151365
0.0593364
0.239478
0.032995
0.221258
0.0278283
0.136199
0.12614
0.110929
0.0347496
0.0695726
0.0321902
0.0260532
0.123776
0.218163
0.0294583
0.110885
0.143283
0.0800592
0.322619
0.58357
0.091867
0.0302515
0.4336
0.576867
0.336673
0.0650629
0.2096
0.0982671
0.0205804
0.0392556
0.0380981
0.555078
0.0138115
0.0345726
0.0328073
0.330811
0.255072
0.25036
0.364369
0.140147
0.1093
0.188215
0.314857
0.0750501
0.0202591
0.165606
0.115004
0.17012
0.0666533
0.02773
0.0467868
0.339538
0.724722
0.0640701
0.15686
0.110887
0.0967157
0.0183384
0.226898
0.165833
0.0163937
0.0408031
0.0303381
0.0558984
0.194001
0.0424645
0.141045
0.112724
0.0327983
0.0700754
0.692051
0.128641
0.0334318
0.0719329
0.271889
0.136886
0.288843
0.287635
0.334689
0.0716277
0.0775191
0.194247
0.0659162
0.0614992
0.046508
0.0653765
0.0706589
0.0265626
0.0884276
0.419336
0.273119
0.0390932
0.117172
0.0335809
0.15536
0.266095
0.0339002
0.0454578
0.634939
0.0389196
0.0330534
0.240798
0.126318
0.0197297
0.0969153
0.218824
0.548622
0.0184508
0.167995
0.216466
0.034662
0.0395035
0.0426596
0.227432
0.713701
0.325229
0.0354862
0.0957259
0.0549344
0.0495395
0.0189415
0.196562
0.431113
0.12589
0.0355638
0.0613696
0.442468
0.336625
0.164227
0.83529
0.226062
0.0257469
0.473916
0.381226
0.493217
0.193886
0.358204
0.0644173
0.279133
0.035311
0.0576643
0.0765473
0.0385838
0.0700137
0.0673287
0.604451
0.0602149
0.140795
0.360711
0.0624527
0.125756
0.0245502
0.634734
0.0734992
0.0755219
0.159796
0.127135
0.216945
0.251492
0.12468
0.103379
0.576967
0.107606
0.3555
0.117048
0.119859
0.0517601
0.245818
0.0229169
0.75156
0.466965
0.280026
0.0280402
0.142349
0.440837
0.0597418
0.0975635
0.0619868
0.108342
0.777053
0.0304776
0.610234
0.16915
0.174652
0.685439
0.021408
0.0694116
0.264909
0.127938
0.352998
0.0185638
0.0779948
0.115892
0.459343
0.131632
0.139832
0.0145528
0.100725
0.630938
0.379487
0.456881
0.407297
0.249593
0.0793185
0.125489
0.159438
0.165604
0.0462176
0.0244583
0.122117
0.162427
0.0399454
0.0545725
0.140967
0.0231299
0.216263
0.36105
0.0280181
0.281459
0.581444
0.547715
0.452241
0.152671
0.0372467
0.421188
0.13084
0.0358267
0.422375
0.0509264
0.0743913
0.0255882
0.0400408
0.0244338
0.41563
0.101515
0.103255
0.101477
0.0480684
0.139937
0.326027
0.0163828
0.174543
0.111416
0.573108
0.0586628
0.0602669
0.417464
0.370211
0.05808
0.0324799
0.0193633
0.107634
0.56693
0.038263
0.0601055
0.0457991
0.104102
0.403468
0.0242484
0.500106
0.17789
0.372761
0.0512966
0.0285749
0.068114
0.189243
0.329478
0.0346978
0.300139
0.101658
0.0304432
0.286384
0.0327758
0.526082
0.610127
0.423093
0.611162
0.0203678
0.172903
0.0943954
0.17384
0.019061
0.105046
0.0782327
0.401364
0.293487
0.02881
0.15192
0.362815
0.102785
0.0879457
0.0474293
0.0580409
0.0526959
0.0415456
0.22617
0.0408492
0.327812
0.125245
0.343937
0.194852
0.0610525
0.289226
0.0554416
0.072903
0.0951128
0.0437653
0.404592
0.0219776
0.152824
0.323394
0.417399
0.256165
0.0477425
0.165852
0.535862
0.160081
0.0360714
0.0207382
0.128571
0.25572
0.105439
0.0511559
0.0382389
0.125055
0.637499
0.553527
0.0228875
0.0283261
0.0327186
0.0879923
0.0304981
0.6965
0.0259326
0.0297726
0.0533773
0.145115
0.695766
0.0527873
0.422142
0.139437
0.173088
0.0706059
0.368282
0.112959
0.243775
0.0181423
0.0677528
0.108325
0.252925
0.0147779
0.536174
0.134189
0.135008
0.159044
0.0207754
0.190351
0.0888931
0.0638087
0.0685535
0.34486
0.254821
0.171452
0.0290049
0.0708542
0.270439
0.187194
0.0606365
0.258041
0.0431477
0.0399579
0.150179
0.444975
0.096733
0.244127
0.165139
0.0731846
0.280714
0.238536
0.0918531
0.021702
0.0440481
0.453024
0.0191764
0.0192001
0.21781
0.120762
0.313775
0.35468
0.101228
0.0587693
0.0220435
0.0333033
0.383857
0.026151
0.301089
0.176528
0.0313994
0.409351
0.0225606
0.0399775
0.152029
0.0386452
0.745341
0.566935
0.342641
0.0256428
0.214952
0.0870637
0.04734
0.0167513
0.0526418
0.145448
0.18225
0.043679
0.0953721
0.0330036
0.286973
0.177609
0.357344
0.0813091
0.057282
0.273733
0.173999
0.0732767
0.0373362
0.370201
0.169573
0.0351064
0.438059
0.31652
0.0589009
0.0687827
0.119838
0.0312317
0.125105
0.101078
0.241892
0.0889197
0.0273812
0.0288356
0.101845
0.0892453
0.092664
0.214387
0.0274076
0.0813521
0.164931
0.119262
0.38436
0.0703952
0.155743
0.033454
0.0315199
0.0548242
0.0338579
0.120991
0.420726
0.0843335
0.0552352
0.178161
0.0269187
0.0722267
0.099162
0.0627594
0.0731752
0.144403
0.0762065
0.0933099
0.335985
0.035486
0.133626
0.208193
0.467597
0.0690131
0.10108
0.0605454
0.0931788
0.831217
0.384245
0.269104
0.0424905
0.252454
0.0247269
0.11549
0.200316
0.0376095
0.578976
0.141534
0.0465669
0.0384303
0.0314645
0.269539
0.221446
0.0535037
0.359718
0.071816
0.105989
0.0212502
0.0158687
0.0624381
0.0768386
0.0473105
0.0481327
0.141581
0.0325981
0.157163
0.0945947
0.0598963
0.121902
0.440368
0.345747
0.254957
0.0857994
0.24752
0.0461392
0.0340625
0.133873
0.615768
0.156533
0.255383
0.196612
0.0373969
0.0491828
0.222781
0.215643
0.195729
0.0296919
0.476702
0.0579067
0.040361
0.0405836
0.140707
0.134595
0.0546938
0.0515865
0.104155
0.0724351
0.108124
0.25123
0.560705
0.25767
0.175779
0.0717265
0.361661
0.290476
0.133991
0.0770415
0.0999948
0.138445
0.367183
0.268561
0.0489419
0.0434959
0.252947
0.0233849
0.0188278
0.69971
0.0601211
0.2254
0.584312
0.131403
0.421693
0.0907134
0.363771
0.289621
0.320378
0.024606
0.0243268
0.0455137
0.0529968
0.025293
0.104063
0.410934
0.0646153
0.0977052
0.117634
0.0431191
0.366994
0.0890841
0.199905
0.351101
0.0296039
0.214922
0.340116
0.0212672
0.09859
0.0788346
0.150879
0.0394203
0.0528299
0.412847
0.321848
0.601215
0.249445
0.0785855
0.0865656
0.159532
0.0197712
0.523747
0.0192929
0.192387
0.148377
0.109198
0.0310191
0.38782
0.102294
0.142896
0.24248
0.566385
0.0910735
0.113204
0.369875
0.0842215
0.197151
0.0676915
0.60241
0.215501
0.22393
0.0647692
0.0226233
0.286696
0.0250604
0.196834
0.0553622
0.099739
0.700407
0.0823309
0.0497487
0.026266
0.0912049
0.021315
0.232492
0.0464179
0.16297
0.0280372
0.156444
0.0349773
0.0677048
0.0345035
0.0283341
0.0147617
0.019369
0.326356
0.473847
0.260534
0.0371914
0.0356608
0.0218752
0.19815
0.180018
0.270995
0.53987
0.0286305
0.0949169
0.177963
0.0229639
0.141507
0.441953
0.144608
0.142072
0.367613
0.100415
0.0252286
0.0435154
0.182458
0.262654
0.0471333
0.26901
0.176828
0.137784
0.11177
0.439219
0.0547099
0.0512218
0.1256
0.054601
0.22466
0.0207761
0.0345968
0.420772
0.39907
0.0458814
0.325781
0.150849
0.0674824
0.202857
0.67279
0.0980755
0.398181
0.510955
0.0267327
0.132514
0.455417
0.0796232
0.0200985
0.219614
0.0800343
0.25156
0.0270932
0.397051
0.0366575
0.182122
0.273307
0.102229
0.0827792
0.666834
0.0406166
0.100333
0.263409
0.0468361
0.0576791
0.214184
0.15331
0.018741
0.259725
0.179129
0.0204962
0.231016
0.0271595
0.112013
0.0719103
0.173603
0.274995
0.232367
0.133031
0.0872286
0.35225
0.530512
0.283804
0.0519289
0.660112
0.0633344
0.119288
0.187438
0.132393
0.0760589
0.122267
0.327339
0.10019
0.104165
0.425273
0.11129
0.148601
0.133164
0.0789546
0.0474154
0.0588757
0.0347797
0.0464194
0.0554629
0.0187151
0.0730372
0.50523
0.0538231
0.306099
0.419808
0.263758
0.165224
0.161001
0.236271
0.0469736
0.599865
0.496229
0.0712214
0.0446858
0.28207
0.132896
0.0384539
0.134146
0.337205
0.115026
0.145163
0.197211
0.0507525
0.0708933
0.0661719
0.038179
0.498953
0.398328
0.437966
0.198663
0.0573207
0.0532011
0.026062
0.0439792
0.161814
0.0353361
0.370253
0.0209358
0.0677469
0.103821
0.206653
0.0852615
0.306022
0.157994
0.169334
0.120452
0.237783
0.0626945
0.0972734
0.0173977
0.0370625
0.101185
0.593658
0.319453
0.358257
0.0155792
0.333444
0.0192095
0.200711
0.124399
0.0488607
0.0308436
0.536817
0.128063
0.0525298
0.144316
0.0598041
0.0850889
0.0748611
0.187452
0.0974348
0.188024
0.651228
0.11509
0.279298
0.0375127
0.324665
0.0957023
0.053314
0.0445338
0.494749
0.0217501
0.0493406
0.0872488
0.258699
0.0819563
0.0708673
0.157123
0.51271
0.0157497
0.0368886
0.0504346
0.0171342
0.0887385
0.768283
0.0242091
0.671584
0.0570933
0.338951
0.0355965
0.323948
0.7097
0.177059
0.063891
0.0654521
0.0498323
0.0337573
0.107199
0.196758
0.611364
0.0195583
0.16717
0.0170649
0.0276196
0.212692
0.294301
0.183527
0.481455
0.161822
0.726789
0.0222279
0.0212626
0.245183
0.09418
0.058412
0.29509
0.0415629
0.0641743
0.0993879
0.383361
0.062793
0.1445
0.54613
0.0658064
0.0771126
0.05628
0.183287
0.193299
0.187889
0.325592
0.435575
0.213675
0.0257367
0.221686
0.259009
0.616649
0.049164
0.47505
0.0271127
0.0245752
0.0151716
0.0867424
0.0520936
0.722918
0.0661029
0.0729562
0.0551316
0.036659
0.0223535
0.162327
0.0471736
0.0222765
0.067654
0.134581
0.0275799
0.0908034
0.331722
0.0225621
0.0938012
0.220231
0.125574
0.426215
0.109508
0.0945606
0.307231
0.470678
0.11355
0.12536
0.361928
0.119303
0.276354
0.0811147
0.0270321
0.412748
0.46596
0.0432743
0.321297
0.476927
0.0553791
0.019982
0.0952473
0.116192
0.105508
0.0833722
0.0194519
0.135468
0.0580733
0.0321704
0.0855802
0.197299
0.0785896
0.280126
0.210252
0.155922
0.469445
0.200429
0.0336411
0.0412961
0.0760981
0.0329828
0.0155565
0.275821
0.0611374
0.261704
0.280667
0.0445476
0.17334
0.0203884
0.117214
0.225407
0.0710921
0.0306647
0.188635
0.553822
0.0313756
0.0896148
0.360157
0.0185234
0.0609431
0.0349195
0.119485
0.0300635
0.172713
0.0565816
0.0770846
0.0661636
0.0221126
0.298012
0.0981685
0.303397
0.0571213
0.373594
0.0931549
0.0155127
0.0159133
0.0503998
0.163483
0.0595473
0.424027
0.396352
0.136379
0.136081
0.0886972
0.269538
0.203928
0.037734
0.150872
0.262789
0.282204
0.118832
0.340701
0.491326
0.0425736
0.0910368
0.0349083
0.317667
0.0268102
0.506018
0.349321
0.0464471
0.176813
0.417505
0.180824
0.0820001
0.236892
0.192188
0.385563
0.033103
0.153065
0.263564
0.166381
0.123773
0.267407
0.0905429
0.0443137
0.265446
0.316969
0.123607
0.170367
0.241341
0.143912
0.0935644
0.293102
0.348808
0.0404973
0.133594
0.0986397
0.0974658
0.194394
0.0735608
0.0852883
0.1119
0.109705
0.0669395
0.0274986
0.0862421
0.0298736
0.0953177
0.264058
0.044782
0.0440766
0.0569639
0.0190522
0.299125
0.0806273
0.205261
0.486913
0.490026
0.148314
0.175299
0.341577
0.0477762
0.0955228
0.38377
0.0440725
0.137357
0.372756
0.0956684
0.0368351
0.0172088
0.241357
0.057998
0.356084
0.0389583
0.0229944
0.0490614
0.23913
0.0231096
0.154415
0.0456418
0.0310573
0.062948
0.0463704
0.104475
0.151225
0.461455
0.144996
0.0967259
0.0441585
0.113472
0.0155429
0.0265413
0.317547
0.0211259
0.313378
0.0447241
0.350987
0.0163103
0.222798
0.131254
0.220773
0.0185226
0.0423278
0.288373
0.372338
0.0502326
0.0546454
0.362204
0.337903
0.0591402
0.130514
0.12848
0.0962697
0.0189004
0.370381
0.0693902
0.0321864
0.0476713
0.092092
0.179059
0.093756
0.101739
0.0718088
0.190801
0.195407
0.0995892
0.409682
0.330645
0.205103
0.0991469
0.236044
0.570886
0.19375
0.196953
0.282616
0.246791
0.0456639
0.019145
0.118989
0.344426
0.30454
0.0243293
0.0218516
0.0224223
0.0509418
0.103505
0.0146579
0.272325
0.0498322
0.0217794
0.376307
0.172753
0.0574703
0.248049
0.377343
0.152485
0.0181733
0.322364
0.0285962
0.181567
0.295392
0.321981
0.236898
0.0267685
0.0305516
0.0528286
0.0342192
0.0660448
0.253511
0.0308444
0.158572
0.0976872
0.221763
0.539005
0.0844772
0.0720104
0.0201457
0.0926396
0.0160569
0.197826
0.255487
0.475978
0.452301
0.187412
0.194526
0.0773961
0.105868
0.0652879
0.151483
0.0893829
0.388114
0.0525538
0.0736748
0.0349151
0.174749
0.389687
0.202986
0.173533
0.102269
0.162701
0.144266
0.150774
0.22704
0.209937
0.0280728
0.0215083
0.197082
0.30651
0.208534
0.0821432
0.122928
0.40067
0.12863
0.333052
0.0155948
0.310605
0.0638547
0.41237
0.0541425
0.131864
0.14299
0.0873745
